0 100 63 101
0 105 47 102
0 101 0 61
0 103 11 71
0 97 68 76
0 99 17 44
0 96 20 31
0 99 60 91
0 98 1 40
0 101 34 45
0 100 54 64
0 100 57 76
0 99 45 70
0 99 70 105
0 100 36 104
0 101 42 80
0 101 1 97
0 99 16 30
0 98 8 67
0 98 3 30
0 99 69 78
0 100 20 94
0 102 71 104
0 102 54 74
0 99 57 86
0 99 98 101
0 100 23 84
0 101 41 93
0 100 15 35
0 99 21 70
0 101 80 93
0 102 22 68
0 99 10 19
0 100 30 104
0 100 67 87
0 102 59 71
0 102 74 80
0 100 6 69
0 98 2 82
0 104 30 94
0 100 77 90
0 101 47 99
0 100 26 71
1 99 36 72
1 99 35 77
1 102 27 70
1 102 58 100
1 100 60 89
1 97 68 99
1 101 94 102
1 100 6 53
1 99 6 11
1 101 9 79
1 97 25 79
1 98 17 29
1 100 44 65
1 102 13 105
1 100 13 69
1 99 52 108
1 102 3 72
1 99 50 61
1 101 71 90
1 101 28 59
1 98 80 107
1 103 27 86
1 101 13 97
1 100 42 75
1 100 16 108
1 100 35 37
1 99 56 66
1 103 13 79
1 99 64 92
1 99 12 95
1 103 2 31
1 102 65 82
1 100 10 23
1 96 18 76
1 103 59 71
1 99 25 81
1 100 40 58
1 97 43 66
1 99 42 69
1 101 18 60
1 98 47 104
1 100 56 101
1 99 35 96
2 100 38 77
2 100 54 93
2 101 18 76
2 101 21 94
2 99 4 27
2 103 41 103
2 103 0 46
2 100 37 86
2 102 21 95
2 101 18 44
2 97 51 98
2 96 49 52
2 100 66 97
2 97 30 54
2 98 41 79
2 96 9 84
2 99 36 68
2 101 79 87
2 101 27 54
2 102 7 29
2 101 66 101
2 99 2 52
2 101 11 81
2 98 30 59
2 97 29 57
2 101 15 70
2 99 17 25
2 100 50 79
2 100 39 72
2 101 77 86
2 98 8 82
2 96 60 82
2 99 43 70
2 98 45 89
2 98 44 77
2 97 36 71
2 102 33 80
3 99 18 78
3 100 22 96
3 99 13 39
3 96 34 67
3 102 27 43
3 101 38 52
3 99 9 25
3 98 9 57
3 99 36 70
3 98 19 78
3 95 4 45
3 96 13 45
3 99 27 41
3 103 53 73
3 101 7 90
3 98 32 68
3 104 18 76
3 101 51 92
3 105 35 71
3 102 41 87
3 98 13 31
3 105 36 100
3 99 98 99
3 98 9 38
3 100 40 65
3 101 46 98
3 100 7 54
3 99 14 84
3 100 0 23
3 101 84 90
3 103 77 101
3 101 17 89
3 100 43 60
3 101 21 63
3 100 7 28
3 103 42 81
3 93 21 104
3 102 51 71
3 100 25 70
3 101 3 79
3 104 45 60
4 99 16 42
4 97 3 42
4 101 7 98
4 100 4 90
4 101 61 66
4 100 100 101
4 100 22 62
4 102 75 97
4 103 27 53
4 95 12 92
4 100 2 57
4 101 59 77
4 99 66 78
4 98 22 39
4 104 10 27
4 97 54 55
4 101 20 55
4 97 33 58
4 99 17 28
4 96 27 98
4 104 57 95
4 99 6 46
4 102 4 49
4 98 58 92
4 105 2 100
4 97 17 61
4 101 2 58
4 102 14 45
4 99 89 95
4 99 42 75
4 96 17 83
4 100 3 62
4 99 39 60
4 101 6 35
4 102 33 71
4 102 62 83
4 97 6 59
4 100 46 68
4 100 4 100
4 100 39 89
4 99 2 80
4 100 15 75
4 104 31 78
5 99 4 64
5 98 2 17
5 98 47 89
5 101 41 47
5 100 68 93
5 100 13 80
5 100 42 86
5 103 36 41
5 100 66 87
5 99 78 97
5 98 37 81
5 99 14 78
5 100 1 84
5 102 40 82
5 100 9 36
5 101 16 83
5 97 49 87
5 98 27 62
5 98 54 80
5 98 38 78
5 97 29 63
5 98 74 80
5 98 40 78
5 101 36 77
5 102 1 63
5 97 55 77
5 99 45 79
5 106 28 47
5 101 80 84
5 100 23 92
5 106 29 33
5 102 9 86
5 98 55 83
5 101 8 46
5 97 23 83
5 100 42 93
5 101 20 56
5 103 0 42
5 101 15 55
5 101 52 76
5 99 10 32
6 100 10 42
6 102 7 81
6 100 18 30
6 100 26 92
6 99 34 78
6 101 7 35
6 101 36 85
6 102 18 69
6 102 2 38
6 100 34 47
6 101 52 97
6 102 48 83
6 102 78 84
6 96 4 85
6 100 93 94
6 98 55 90
6 104 39 95
6 102 40 83
6 97 1 5
6 101 6 94
6 104 23 58
6 101 58 79
6 100 39 82
6 101 60 87
6 96 90 101
6 99 83 92
6 101 0 18
6 99 43 79
6 100 16 74
6 101 8 101
6 103 46 64
6 98 65 94
6 101 63 101
6 100 41 91
6 103 32 54
6 99 94 98
6 99 28 36
6 100 29 59
6 97 38 46
6 100 9 37
6 99 26 83
7 101 21 29
7 101 8 59
7 101 9 79
7 99 9 69
7 103 28 44
7 100 5 66
7 103 4 69
7 97 3 11
7 100 68 78
7 98 0 49
7 100 13 19
7 99 1 60
7 98 61 78
7 103 5 12
7 100 9 36
7 100 42 68
7 102 4 78
7 95 2 64
7 102 1 21
7 99 15 76
7 101 10 33
7 102 4 60
7 99 0 50
7 100 60 71
7 103 41 50
7 99 19 74
7 102 19 27
7 97 22 56
7 100 23 39
7 97 43 56
7 100 27 74
7 100 21 49
7 100 5 69
7 99 9 44
7 102 5 48
7 98 18 54
7 99 0 65
7 102 18 77
7 102 24 54
7 102 31 75
8 98 2 82
8 101 0 51
8 98 46 89
8 100 82 83
8 99 33 84
8 98 36 48
8 95 6 41
8 103 16 61
8 102 0 77
8 100 54 86
8 96 10 21
8 100 52 82
8 95 12 75
8 96 13 19
8 98 34 87
8 99 30 44
8 100 14 83
8 99 34 83
8 98 13 85
8 98 10 46
8 100 10 32
8 96 21 76
8 100 39 81
8 99 78 82
8 101 26 39
8 99 0 79
8 102 2 38
8 99 43 69
8 101 7 57
8 98 12 66
8 100 8 88
8 97 14 47
8 99 25 54
8 99 9 45
8 100 30 80
8 99 5 51
8 102 24 77
9 101 41 83
9 102 71 95
9 100 30 61
9 100 5 78
9 99 19 69
9 99 24 67
9 98 1 78
9 101 55 58
9 97 0 53
9 100 38 50
9 105 56 89
9 101 43 67
9 103 7 22
9 100 83 88
9 102 12 64
9 100 58 99
9 100 2 87
9 100 28 50
9 101 58 67
9 102 64 67
9 105 28 68
9 100 54 82
9 101 14 83
9 102 14 75
9 99 17 65
9 102 11 60
9 100 48 79
9 99 0 16
9 101 22 82
9 101 16 94
9 100 23 80
9 99 15 54
9 101 29 54
9 100 10 49
9 97 26 69
9 102 28 99
9 100 2 80
10 100 3 75
10 101 63 70
10 99 17 24
10 102 70 78
10 100 54 55
10 102 7 54
10 99 7 80
10 100 39 57
10 100 2 57
10 97 2 71
10 98 17 79
10 101 26 65
10 100 9 74
10 102 1 15
10 101 36 80
10 100 30 32
10 100 43 71
10 100 17 27
10 95 26 71
10 104 17 75
10 101 6 75
10 101 32 58
10 104 19 22
10 95 7 44
10 98 21 65
10 100 0 33
10 103 28 75
10 97 3 66
10 97 12 22
10 100 5 67
10 98 14 68
10 98 37 52
10 99 29 80
10 102 17 41
10 98 15 61
10 101 1 80
10 100 44 75
10 100 1 49
10 101 52 64
10 98 26 48
11 99 14 54
11 98 44 100
11 97 58 102
11 105 56 68
11 101 29 67
11 99 2 17
11 99 5 30
11 101 19 43
11 99 70 82
11 101 10 64
11 101 49 82
11 100 24 49
11 100 11 75
11 100 4 75
11 100 39 52
11 101 6 102
11 99 91 99
11 98 5 45
11 99 6 69
11 98 45 100
11 99 48 100
11 100 26 100
11 102 63 86
11 100 7 55
11 101 3 60
11 102 49 99
11 100 39 78
11 102 0 45
11 98 17 46
11 97 39 75
11 100 29 62
11 101 1 21
11 97 6 82
11 98 19 29
11 102 34 81
11 98 49 64
11 103 81 98
11 100 45 60
11 103 34 68
11 100 5 41
11 99 19 90
11 100 30 61
11 99 10 29
12 100 13 47
12 102 13 51
12 99 19 67
12 103 91 108
12 100 14 61
12 103 3 22
12 99 56 70
12 99 17 84
12 97 95 109
12 101 39 69
12 99 34 107
12 102 80 99
12 102 3 52
12 102 17 90
12 104 86 96
12 97 37 99
12 99 49 58
12 96 47 72
12 99 38 86
12 97 1 46
12 98 7 113
12 101 26 102
12 98 80 100
12 98 69 91
12 100 55 105
12 99 19 35
12 99 22 31
12 102 84 104
12 102 60 97
12 101 66 114
12 100 28 64
12 103 28 44
12 98 31 43
12 98 26 58
12 98 6 86
12 104 26 89
12 101 59 115
12 102 7 112
12 102 35 82
13 97 44 79
13 100 9 90
13 99 45 83
13 100 77 93
13 98 13 55
13 102 104 105
13 100 46 62
13 101 48 101
13 97 11 64
13 103 11 17
13 102 79 107
13 100 84 112
13 102 34 102
13 103 53 80
13 103 19 25
13 101 5 72
13 99 3 55
13 102 22 98
13 101 29 67
13 99 15 73
13 99 22 84
13 98 36 105
13 101 37 71
13 98 26 71
13 102 11 62
13 100 43 63
13 99 30 87
13 99 20 33
13 101 50 70
13 102 56 110
13 99 25 28
13 98 19 39
13 101 85 98
14 98 12 44
14 105 17 86
14 101 3 26
14 99 10 88
14 99 1 69
14 98 10 80
14 100 43 68
14 100 20 83
14 99 11 48
14 98 41 51
14 101 11 32
14 102 9 79
14 97 38 59
14 98 36 68
14 98 27 86
14 97 19 61
14 98 21 82
14 102 3 34
14 100 19 57
14 101 49 61
14 99 5 81
14 101 9 49
14 99 22 47
14 105 48 79
14 101 28 62
14 96 0 33
14 100 20 40
14 99 39 88
14 100 26 79
14 101 18 43
14 99 9 65
14 103 32 63
14 104 43 63
14 97 7 69
14 95 15 73
14 100 40 87
14 100 28 77
14 102 30 62
14 102 21 68
14 101 39 43
14 99 38 81
15 102 14 63
15 102 38 62
15 100 14 62
15 97 20 69
15 98 55 87
15 101 6 38
15 98 22 56
15 101 5 67
15 101 21 35
15 99 16 49
15 96 29 91
15 99 47 69
15 101 0 54
15 99 10 58
15 99 19 21
15 98 10 44
15 99 50 81
15 98 40 71
15 100 7 70
15 97 6 17
15 100 24 54
15 98 35 67
15 102 1 81
15 99 9 11
15 102 60 91
15 101 13 81
15 100 8 87
15 102 36 64
15 99 43 88
15 102 6 54
15 100 5 55
15 102 31 47
15 97 71 73
15 103 22 51
15 103 52 79
15 102 18 61
16 98 21 62
16 100 82 98
16 100 3 45
16 102 10 47
16 104 39 43
16 100 96 103
16 101 28 111
16 101 29 95
16 96 48 106
16 99 40 79
16 100 15 65
16 103 55 78
16 101 18 39
16 100 0 76
16 98 6 25
16 100 13 41
16 101 40 93
16 100 9 30
16 104 14 77
16 99 94 101
16 104 71 78
16 100 26 79
16 100 26 59
16 101 51 101
16 100 68 82
16 99 87 89
16 101 48 102
16 100 53 83
16 105 42 86
16 101 72 89
16 101 34 80
16 99 10 62
16 100 18 27
16 102 17 98
16 102 49 102
16 99 20 58
16 100 47 105
16 100 16 71
16 99 3 63
16 102 20 66
16 101 46 70
17 101 26 28
17 98 86 91
17 103 34 72
17 101 25 40
17 101 58 90
17 99 36 49
17 98 10 92
17 99 19 73
17 98 5 87
17 101 71 85
17 99 4 88
17 102 36 57
17 99 13 16
17 99 65 73
17 100 49 95
17 100 2 79
17 100 5 68
17 101 60 86
17 102 80 84
17 102 37 73
17 104 47 90
17 99 12 66
17 101 4 60
17 103 16 29
17 99 11 53
17 102 55 93
17 99 8 10
17 102 43 71
17 102 14 69
17 100 18 75
17 99 0 11
17 94 73 98
17 100 31 39
18 99 20 51
18 101 15 39
18 96 15 39
18 99 28 68
18 101 54 76
18 102 18 20
18 100 11 48
18 100 31 73
18 100 45 84
18 98 1 49
18 100 6 81
18 100 65 66
18 98 22 35
18 97 9 81
18 103 17 57
18 104 21 60
18 96 0 86
18 97 4 35
18 102 8 82
18 99 76 77
18 100 8 13
18 97 2 84
18 103 21 72
18 101 61 62
18 100 1 43
18 100 5 39
18 97 4 69
18 97 21 60
18 99 53 78
18 100 58 67
18 101 16 52
18 98 13 82
18 100 16 25
18 103 39 73
18 103 15 22
18 101 7 37
18 100 44 54
18 99 19 72
18 98 62 77
18 103 25 41
18 96 6 85
19 99 35 61
19 102 36 76
19 100 0 21
19 102 35 60
19 100 25 56
19 100 55 73
19 99 37 62
19 99 3 21
19 99 9 55
19 97 44 92
19 101 19 27
19 100 3 59
19 97 22 72
19 99 2 41
19 101 44 52
19 100 54 94
19 100 46 54
19 98 26 90
19 102 3 91
19 102 25 56
19 96 76 93
19 102 3 5
19 98 29 68
19 102 42 73
19 102 5 33
19 100 32 59
19 98 35 61
19 100 28 57
19 98 46 87
19 98 48 71
19 102 24 59
19 105 59 66
19 100 16 75
19 98 30 54
19 100 11 20
19 103 22 73
19 95 68 86
19 99 2 24
19 101 2 64
19 98 7 28
20 100 7 27
20 101 43 91
20 101 27 62
20 100 61 103
20 102 70 74
20 101 42 73
20 101 21 68
20 97 41 79
20 100 3 36
20 100 35 73
20 98 17 88
20 102 6 30
20 103 0 33
20 98 70 102
20 98 4 33
20 100 26 37
20 98 25 29
20 101 2 87
20 101 1 58
20 101 53 70
20 99 10 23
20 100 41 70
20 97 26 44
20 101 94 101
20 101 10 24
20 101 0 15
20 102 77 92
20 102 54 105
20 99 43 104
20 101 14 29
20 100 2 72
20 101 59 97
20 98 62 76
20 103 79 102
20 99 44 68
20 101 27 63
20 102 39 80
20 101 30 89
20 102 58 98
20 100 37 98
21 99 57 83
21 100 26 74
21 102 24 82
21 99 63 83
21 102 37 70
21 101 14 60
21 101 43 95
21 101 33 68
21 102 19 26
21 102 33 43
21 101 24 75
21 99 64 90
21 101 36 78
21 100 0 56
21 98 35 74
21 99 54 97
21 100 51 56
21 99 31 70
21 99 73 91
21 97 67 90
21 99 19 72
21 101 12 26
21 97 59 81
21 105 57 72
21 98 56 105
21 99 50 100
21 97 46 51
21 97 7 60
21 100 27 39
21 101 59 90
21 98 13 101
21 101 4 36
21 100 23 27
21 100 68 84
21 98 41 91
21 97 20 59
22 99 4 65
22 101 22 51
22 97 25 56
22 102 24 42
22 102 11 68
22 100 2 18
22 101 19 28
22 101 51 67
22 103 0 41
22 104 41 48
22 101 45 67
22 101 1 70
22 98 23 56
22 98 27 58
22 104 44 60
22 101 16 31
22 99 6 69
22 102 10 37
22 100 48 66
22 99 55 64
22 101 18 39
22 98 1 38
22 99 16 48
22 98 31 62
22 98 1 2
22 98 12 49
22 102 17 61
22 101 21 47
22 98 54 69
22 101 9 53
22 99 16 58
22 100 2 12
22 101 6 26
22 101 20 57
22 100 7 54
22 104 24 30
22 100 25 60
22 101 20 63
22 102 41 65
22 98 43 64
23 97 48 77
23 99 8 42
23 97 7 75
23 102 27 87
23 99 64 98
23 101 2 49
23 98 81 95
23 98 26 63
23 99 50 59
23 102 36 101
23 99 77 110
23 98 53 78
23 99 79 84
23 98 53 91
23 105 1 32
23 98 62 110
23 102 0 75
23 101 46 104
23 98 24 63
23 98 0 7
23 102 33 106
23 99 10 36
23 101 29 36
23 99 66 78
23 102 48 105
23 97 42 81
23 101 54 93
23 102 14 25
23 100 22 67
23 100 53 83
23 101 58 83
23 100 9 87
23 102 80 99
23 99 11 71
23 103 46 82
23 101 2 57
23 100 79 99
23 100 32 50
24 100 34 81
24 100 2 18
24 99 1 86
24 101 55 62
24 100 3 92
24 102 10 91
24 103 20 73
24 101 45 89
24 100 46 81
24 101 19 34
24 95 22 68
24 98 40 92
24 103 53 88
24 103 47 63
24 104 9 85
24 99 35 83
24 100 27 44
24 104 0 88
24 101 15 69
24 97 12 80
24 101 62 83
24 100 52 57
24 101 8 70
24 102 30 48
24 100 27 51
24 99 5 58
24 101 4 26
24 98 6 70
24 102 15 66
24 100 35 86
24 98 9 69
24 99 6 70
24 100 31 83
24 93 6 66
24 99 0 12
24 100 45 50
24 98 9 62
24 99 46 75
24 102 30 84
24 102 11 23
24 100 42 69
24 99 0 92
24 102 27 62
24 99 14 39
24 98 10 78
24 101 13 66
25 100 69 92
25 102 4 86
25 100 24 51
25 104 14 35
25 100 0 78
25 99 37 104
25 99 49 85
25 101 39 95
25 105 6 46
25 101 4 38
25 101 38 92
25 99 33 89
25 97 15 38
25 102 78 81
25 99 54 73
25 96 43 82
25 104 41 64
25 101 2 72
25 101 11 49
25 98 19 37
25 99 1 19
25 101 24 91
25 100 40 52
25 97 12 29
25 102 5 102
25 101 24 81
25 104 26 81
25 101 0 46
25 98 13 47
25 99 16 55
25 101 8 60
25 102 66 95
25 101 21 28
25 99 3 52
25 98 93 104
25 101 37 89
25 99 64 89
25 101 36 94
25 99 23 63
25 101 24 100
26 99 29 54
26 98 80 90
26 100 41 76
26 102 48 50
26 99 80 84
26 103 71 86
26 100 20 84
26 100 38 74
26 99 5 38
26 101 47 80
26 103 53 71
26 98 25 33
26 105 67 92
26 96 20 51
26 101 8 21
26 100 38 89
26 99 6 61
26 100 26 57
26 101 29 66
26 100 2 59
26 99 28 71
26 99 42 66
26 101 5 12
26 99 41 62
26 98 19 20
26 101 80 84
26 101 33 57
26 99 36 77
26 97 40 81
26 101 21 77
26 99 68 71
26 100 28 74
26 101 41 83
26 104 12 87
26 99 8 73
26 99 1 38
26 102 42 68
26 100 49 81
27 100 13 73
27 102 37 74
27 98 11 48
27 95 21 57
27 100 2 27
27 100 18 57
27 103 23 48
27 100 13 49
27 98 14 33
27 96 20 78
27 101 3 79
27 101 5 29
27 102 39 83
27 99 3 19
27 98 24 66
27 101 24 46
27 101 25 60
27 103 11 39
27 100 44 55
27 99 34 61
27 102 16 33
27 100 4 51
27 101 18 82
27 101 46 64
27 99 4 82
27 102 28 78
27 98 16 63
27 102 13 66
27 102 14 65
27 100 16 74
27 101 0 60
27 101 31 55
27 101 3 70
27 102 17 77
27 102 49 71
27 99 2 71
27 99 3 82
27 99 13 81
27 103 64 77
27 98 37 78
28 99 42 64
28 100 6 18
28 99 37 63
28 102 52 77
28 100 41 85
28 102 4 65
28 102 42 77
28 100 16 68
28 102 24 39
28 102 42 74
28 102 3 37
28 97 23 51
28 102 47 54
28 101 64 90
28 100 7 52
28 100 11 79
28 100 48 81
28 100 26 77
28 102 32 48
28 102 13 30
28 99 55 86
28 100 6 75
28 98 2 92
28 98 54 63
28 98 43 51
28 98 12 91
28 102 66 70
28 98 1 53
28 99 17 77
28 99 7 15
28 102 1 91
28 100 35 89
28 102 33 47
28 99 31 89
28 97 21 60
28 101 17 64
28 102 0 79
28 99 0 91
28 103 1 55
28 95 64 68
28 102 6 63
29 100 14 52
29 102 20 63
29 99 9 68
29 100 39 68
29 100 9 40
29 98 10 19
29 100 17 70
29 103 39 43
29 100 20 45
29 101 1 37
29 100 25 56
29 99 50 69
29 100 8 50
29 102 7 75
29 99 14 35
29 100 1 75
29 101 9 63
29 100 14 64
29 100 22 68
29 101 3 31
29 101 15 35
29 97 2 4
29 103 59 71
29 99 29 39
29 100 27 47
29 99 30 56
29 99 23 63
29 101 4 71
29 98 33 64
29 102 16 66
29 98 5 73
29 98 52 72
29 102 10 47
29 101 4 16
29 101 1 63
29 95 3 75
29 98 13 33
29 101 2 71
29 100 11 70
29 97 2 51
29 100 31 62
30 101 61 76
30 98 66 71
30 99 23 85
30 100 1 13
30 102 12 63
30 99 5 50
30 99 14 52
30 99 35 61
30 102 70 97
30 101 38 72
30 102 16 98
30 100 3 99
30 102 72 98
30 103 87 92
30 102 7 96
30 103 34 61
30 102 12 96
30 97 29 99
30 100 40 68
30 98 9 56
30 101 7 64
30 102 39 63
30 98 26 39
30 102 56 74
30 102 45 50
30 101 19 37
30 103 75 80
30 99 33 48
30 102 8 80
30 98 16 88
30 101 3 5
30 99 18 77
30 98 21 64
30 101 59 63
30 98 23 66
30 102 56 87
30 102 9 24
30 100 66 95
30 98 13 41
30 98 17 26
30 101 5 92
30 99 21 29
31 101 19 32
31 100 31 65
31 102 46 91
31 102 53 79
31 101 39 41
31 97 23 24
31 101 44 73
31 97 0 32
31 96 5 30
31 102 42 73
31 99 7 83
31 102 22 57
31 99 6 81
31 101 84 91
31 101 22 56
31 98 13 87
31 101 50 85
31 100 9 47
31 102 26 67
31 105 37 44
31 99 63 69
31 100 67 85
31 101 3 37
31 101 22 49
31 102 31 90
31 101 29 78
31 102 6 95
31 101 33 63
31 100 22 77
31 96 27 44
31 101 68 77
31 98 0 59
31 99 36 91
31 99 59 66
31 99 39 77
31 100 58 86
31 102 12 87
31 98 9 14
31 99 58 86
31 99 76 91
32 99 26 54
32 99 30 86
32 98 9 39
32 99 21 42
32 102 52 69
32 101 44 52
32 101 36 72
32 101 1 68
32 98 1 36
32 101 2 21
32 101 17 62
32 99 2 13
32 100 77 87
32 101 54 95
32 97 47 63
32 99 51 76
32 98 41 71
32 100 6 13
32 100 47 93
32 98 48 56
32 98 25 72
32 103 29 93
32 98 9 14
32 98 21 83
32 99 25 36
32 101 60 103
32 101 26 100
32 98 14 40
32 100 52 85
32 101 31 85
32 99 15 44
32 100 54 60
32 100 5 75
32 100 4 52
32 99 48 83
32 101 8 22
32 101 69 84
32 99 26 35
32 98 38 67
32 102 32 72
32 98 6 77
32 96 2 51
32 102 34 84
32 102 33 72
32 100 50 95
32 99 50 96
32 98 70 92
33 102 34 54
33 102 43 95
33 101 58 67
33 103 62 96
33 97 51 96
33 100 24 89
33 99 21 49
33 98 17 91
33 99 19 82
33 102 63 75
33 102 28 45
33 99 42 98
33 98 67 82
33 102 3 55
33 97 6 78
33 101 15 51
33 101 9 40
33 99 18 91
33 101 27 71
33 101 16 19
33 97 82 94
33 96 10 71
33 99 24 84
33 102 15 73
33 101 12 98
33 100 7 74
33 104 68 95
33 94 56 77
33 98 84 95
33 99 80 89
33 100 18 92
33 102 56 67
33 102 59 73
33 99 56 98
33 100 21 42
33 102 70 88
33 102 51 69
33 98 28 91
33 104 10 55
33 99 2 97
33 97 33 70
33 100 17 64
34 99 9 12
34 103 74 101
34 100 39 78
34 98 3 39
34 102 3 56
34 100 16 88
34 99 29 68
34 97 44 80
34 103 73 90
34 97 46 58
34 100 22 27
34 100 10 57
34 103 49 91
34 103 51 75
34 103 15 80
34 99 93 104
34 103 6 37
34 97 4 52
34 100 69 81
34 101 18 28
34 101 0 72
34 96 5 44
34 95 18 77
34 103 45 92
34 101 59 69
34 97 15 74
34 102 50 62
34 102 14 29
34 98 0 43
34 99 19 38
34 100 47 54
34 99 64 78
34 99 14 18
34 100 30 39
34 102 51 55
34 98 2 59
35 102 26 51
35 97 24 67
35 100 47 55
35 100 27 55
35 101 75 103
35 101 64 73
35 101 3 16
35 104 59 93
35 97 2 76
35 100 86 104
35 102 67 93
35 100 10 80
35 98 26 67
35 100 19 43
35 98 23 50
35 100 7 23
35 102 36 48
35 100 40 87
35 98 0 100
35 98 28 95
35 103 23 63
35 101 16 52
35 102 53 79
35 101 68 80
35 100 11 90
35 100 47 97
35 98 15 99
35 101 23 35
35 99 40 92
35 100 45 102
35 96 46 67
35 101 77 83
35 96 47 63
35 102 78 100
35 98 61 101
35 101 23 77
35 99 6 79
35 97 43 99
35 102 7 32
35 102 33 85
36 101 31 62
36 97 16 63
36 102 20 86
36 101 24 55
36 97 25 26
36 99 64 94
36 102 25 86
36 99 1 27
36 99 18 59
36 102 53 87
36 100 19 61
36 103 9 50
36 98 11 66
36 102 54 89
36 100 2 29
36 101 56 82
36 101 38 99
36 103 64 68
36 103 12 47
36 98 10 43
36 96 19 62
36 100 5 25
36 100 57 90
36 102 49 78
36 99 64 95
36 97 12 13
36 101 1 47
36 95 9 82
36 103 64 91
36 95 30 42
36 102 49 77
36 98 8 28
36 100 24 27
36 100 12 48
36 99 51 69
36 97 51 86
36 98 70 93
36 100 48 97
36 98 35 61
36 101 7 14
37 97 15 47
37 101 63 66
37 96 52 87
37 99 27 37
37 99 37 56
37 99 22 54
37 100 57 59
37 100 20 85
37 98 0 86
37 100 34 79
37 99 32 68
37 100 41 85
37 97 8 43
37 104 54 60
37 100 55 85
37 100 61 75
37 103 38 71
37 102 10 78
37 99 6 53
37 99 43 57
37 101 40 73
37 99 12 50
37 99 43 81
37 98 85 90
37 99 22 29
37 102 37 75
37 102 49 79
37 100 57 88
37 101 0 30
37 101 6 82
37 99 25 55
37 102 56 73
37 103 53 70
37 99 19 65
37 100 14 73
37 101 65 73
38 104 12 65
38 100 46 72
38 101 37 119
38 99 55 101
38 99 57 96
38 103 66 113
38 99 11 30
38 103 18 55
38 99 18 43
38 98 45 116
38 101 92 109
38 101 2 38
38 99 37 69
38 99 30 83
38 101 22 74
38 97 38 93
38 101 6 59
38 100 12 50
38 101 4 42
38 100 75 99
38 99 49 119
38 100 46 62
38 102 76 119
38 99 97 115
38 100 28 83
38 97 59 110
38 97 49 104
38 96 69 107
38 99 35 56
38 101 34 37
38 102 73 113
38 100 22 82
38 99 38 93
38 97 99 105
38 97 27 94
38 100 2 106
38 98 7 8
38 102 74 118
38 98 2 32
39 101 6 29
39 99 15 49
39 97 35 55
39 100 25 58
39 101 23 48
39 101 0 24
39 102 13 43
39 97 16 27
39 100 28 59
39 98 38 74
39 98 21 83
39 104 40 70
39 101 0 13
39 101 63 77
39 96 23 42
39 99 31 72
39 101 57 81
39 98 5 34
39 97 25 53
39 99 50 54
39 102 39 80
39 102 53 77
39 99 24 65
39 101 9 46
39 98 58 81
39 98 24 79
39 100 38 83
39 103 10 55
39 99 49 63
39 96 44 79
39 101 9 84
39 100 13 79
39 95 48 87
39 101 8 39
39 102 55 57
39 99 19 32
39 103 49 79
39 100 16 31
39 102 35 70
39 100 25 78
40 98 5 21
40 101 25 31
40 98 61 89
40 100 70 89
40 100 20 63
40 96 28 69
40 97 2 102
40 99 56 82
40 99 40 67
40 100 4 39
40 103 57 77
40 98 28 47
40 102 66 72
40 98 33 103
40 101 10 29
40 99 93 95
40 102 69 92
40 101 3 19
40 99 21 96
40 101 41 68
40 101 34 88
40 102 84 107
40 98 5 67
40 102 64 102
40 96 68 84
40 96 19 84
40 99 72 92
40 100 2 25
40 97 27 64
40 101 8 81
40 100 68 86
40 102 74 107
40 99 82 106
40 101 12 101
40 95 29 53
40 99 44 104
40 103 64 85
40 104 39 87
40 97 28 37
40 101 8 40
41 102 8 72
41 98 36 57
41 100 37 74
41 100 39 69
41 102 30 64
41 101 9 70
41 101 25 34
41 102 18 25
41 101 32 63
41 101 19 42
41 100 18 65
41 102 48 80
41 100 0 32
41 98 5 85
41 101 12 34
41 100 26 73
41 104 68 94
41 103 16 54
41 97 39 61
41 97 0 65
41 99 42 92
41 99 7 45
41 100 6 73
41 100 38 85
41 100 4 74
41 100 25 73
41 102 60 76
41 100 2 41
41 104 38 75
41 101 4 88
41 103 6 76
41 99 11 33
41 95 50 70
41 100 3 7
41 101 6 83
41 105 7 16
41 100 15 50
41 105 21 36
41 101 69 77
41 100 88 90
41 100 51 84
41 101 8 90
41 100 37 91
41 100 41 84
41 99 43 85
41 101 3 32
42 97 6 70
42 100 20 80
42 104 88 98
42 101 31 103
42 101 38 75
42 101 59 87
42 103 60 80
42 102 53 94
42 101 27 92
42 105 37 74
42 102 8 91
42 100 49 79
42 101 5 73
42 104 59 69
42 100 34 80
42 100 47 91
42 99 6 49
42 99 89 94
42 99 14 63
42 102 63 88
42 99 29 68
42 103 51 94
42 96 21 45
42 99 11 49
42 102 19 49
42 105 14 64
42 102 6 52
42 100 25 53
42 100 6 52
42 100 17 103
42 101 67 100
42 104 30 57
42 102 11 72
42 101 57 87
42 101 61 96
42 99 33 53
42 98 67 107
42 99 14 88
42 101 8 59
42 102 12 88
42 102 83 103
42 98 6 45
42 101 3 31
42 103 68 87
42 99 15 58
42 100 5 81
42 98 29 48
42 99 6 77
43 99 1 57
43 98 20 53
43 101 20 60
43 102 56 102
43 101 22 63
43 99 16 52
43 104 66 74
43 99 18 77
43 102 99 101
43 99 74 90
43 103 13 91
43 100 79 87
43 102 20 61
43 100 77 84
43 101 69 73
43 101 24 94
43 99 93 104
43 99 48 66
43 100 1 73
43 101 14 39
43 101 35 102
43 100 61 89
43 100 66 87
43 103 4 72
43 103 12 69
43 102 85 98
43 98 52 53
43 100 36 89
43 100 52 81
43 103 32 97
43 101 3 35
43 103 17 45
43 98 35 60
43 104 26 30
43 102 20 41
43 100 55 91
43 100 6 108
44 101 41 104
44 100 9 60
44 101 100 105
44 99 24 56
44 98 40 76
44 99 79 85
44 104 54 92
44 101 43 71
44 102 11 59
44 103 9 75
44 103 20 97
44 102 12 65
44 102 27 70
44 99 10 79
44 101 47 67
44 101 31 79
44 99 78 99
44 97 10 86
44 102 35 99
44 98 28 94
44 102 66 87
44 99 59 105
44 97 30 56
44 98 7 49
44 97 66 92
44 101 0 19
44 101 86 98
44 100 42 58
44 101 0 83
44 99 26 88
44 102 15 44
44 101 30 62
44 104 20 95
44 97 104 106
44 101 16 39
44 96 15 44
44 99 39 101
44 98 17 27
44 102 3 63
44 101 8 52
44 98 43 70
44 98 32 89
45 102 0 82
45 96 2 76
45 99 76 78
45 99 25 29
45 98 0 79
45 98 35 68
45 96 27 41
45 98 3 45
45 97 18 30
45 101 13 66
45 99 23 80
45 99 0 19
45 101 24 90
45 97 61 72
45 101 10 61
45 99 34 81
45 103 17 61
45 100 1 45
45 98 8 38
45 98 6 77
45 102 48 83
45 100 13 32
45 100 11 64
45 98 30 90
45 102 40 72
45 100 11 54
45 101 47 78
45 103 4 73
45 100 6 39
45 101 23 80
45 104 25 85
45 99 16 63
45 99 43 58
45 100 1 65
45 100 32 65
45 98 25 33
45 104 5 80
45 103 26 73
45 100 12 49
45 100 18 39
45 103 7 41
46 99 1 12
46 93 53 89
46 96 58 97
46 102 24 64
46 99 61 92
46 102 57 75
46 97 60 62
46 103 40 72
46 98 36 60
46 103 18 106
46 101 53 84
46 102 23 50
46 101 72 103
46 99 35 68
46 104 61 70
46 96 63 69
46 99 3 103
46 101 26 52
46 98 53 94
46 98 40 86
46 103 1 32
46 105 33 82
46 101 6 26
46 105 99 111
46 99 72 80
46 99 73 80
46 96 62 105
46 101 30 68
46 104 37 78
46 100 57 58
46 100 33 73
46 97 68 99
46 103 53 110
46 97 3 93
46 101 29 69
46 102 58 101
46 100 70 99
46 100 78 102
46 98 22 58
46 97 41 81
46 101 46 71
47 101 23 56
47 103 13 41
47 99 63 95
47 101 6 45
47 101 24 29
47 102 18 40
47 99 5 53
47 98 26 70
47 98 3 40
47 101 44 83
47 97 1 18
47 101 4 73
47 99 49 84
47 99 30 55
47 100 8 66
47 99 10 82
47 101 21 30
47 102 29 84
47 100 58 68
47 99 31 46
47 100 11 57
47 104 1 35
47 100 3 96
47 100 20 67
47 99 20 75
47 101 33 97
47 100 22 92
47 98 1 68
47 102 50 95
47 100 12 47
47 96 41 66
47 96 60 80
47 103 2 75
47 101 12 45
47 98 29 43
47 99 84 86
47 99 44 82
47 104 14 34
47 104 17 58
47 104 10 57
47 100 36 88
47 99 43 49
47 101 26 37
47 101 24 87
47 100 48 81
47 98 3 49
47 95 37 74
47 100 84 88
48 100 90 94
48 99 34 86
48 100 68 97
48 101 26 78
48 100 11 45
48 101 29 54
48 100 39 101
48 101 11 34
48 101 16 51
48 98 13 61
48 99 67 81
48 99 73 80
48 93 59 104
48 99 25 88
48 100 59 84
48 98 62 95
48 98 18 69
48 100 82 102
48 104 80 96
48 100 59 83
48 100 25 53
48 104 17 64
48 96 9 61
48 97 13 78
48 101 28 38
48 98 3 5
48 95 36 81
48 101 46 70
48 98 8 12
48 101 29 85
48 100 14 41
48 97 22 59
48 102 38 46
48 100 3 22
48 97 31 61
48 103 9 103
48 98 6 78
48 99 17 91
49 97 26 89
49 102 46 47
49 102 34 73
49 101 56 79
49 99 15 66
49 98 44 85
49 99 4 80
49 103 9 64
49 101 30 68
49 101 25 82
49 101 7 71
49 97 10 15
49 100 29 61
49 99 30 86
49 99 6 38
49 99 11 55
49 103 42 78
49 99 37 73
49 99 56 78
49 99 41 77
49 97 8 89
49 100 0 61
49 102 18 36
49 98 3 88
49 101 19 90
49 98 0 89
49 99 29 65
49 103 3 91
49 102 0 42
49 100 18 47
49 103 45 55
49 101 17 72
49 99 58 78
49 100 65 73
49 101 52 68
49 99 0 26
49 100 39 70
49 104 58 64
50 100 8 44
50 97 8 41
50 103 44 76
50 99 37 71
50 100 1 103
50 99 55 85
50 102 4 35
50 102 24 93
50 104 21 94
50 101 19 69
50 99 8 87
50 98 10 98
50 98 69 91
50 97 14 56
50 100 73 97
50 102 20 40
50 97 30 90
50 98 31 92
50 100 36 67
50 99 8 43
50 99 8 65
50 102 33 89
50 102 5 20
50 101 5 69
50 103 15 43
50 100 6 77
50 100 27 95
50 99 27 31
50 101 45 95
50 102 3 67
50 98 46 50
50 101 53 97
50 102 26 66
50 97 51 100
50 96 93 100
51 102 92 101
51 100 59 114
51 99 4 34
51 100 5 91
51 99 71 103
51 102 37 116
51 98 46 54
51 99 23 25
51 103 52 60
51 100 29 80
51 99 28 88
51 101 55 71
51 101 75 117
51 97 96 116
51 98 65 72
51 101 71 83
51 100 1 58
51 102 78 86
51 96 59 65
51 98 105 107
51 100 5 50
51 98 28 102
51 100 8 58
51 99 44 65
51 102 35 83
51 104 24 62
51 98 75 112
51 97 0 120
51 101 55 103
51 99 43 119
51 98 19 110
51 100 8 56
51 99 71 116
51 103 29 32
51 99 54 76
51 98 46 96
51 101 52 57
51 99 35 87
51 99 56 109
51 97 47 107
51 97 31 96
51 99 26 65
51 101 54 106
52 99 62 81
52 101 78 98
52 100 5 56
52 99 13 56
52 103 41 67
52 99 13 17
52 98 24 37
52 98 84 89
52 100 5 33
52 101 56 88
52 102 19 44
52 101 0 19
52 99 36 41
52 99 6 7
52 102 17 64
52 101 86 91
52 98 43 76
52 102 53 99
52 100 41 90
52 100 16 86
52 100 48 82
52 98 4 44
52 103 5 68
52 98 3 38
52 102 19 67
52 100 3 85
52 98 6 30
52 99 60 94
52 99 39 79
52 101 36 81
52 99 9 52
52 101 5 41
52 103 43 88
52 98 42 83
52 103 80 83
52 98 6 65
52 101 33 69
52 98 28 53
52 99 47 85
52 98 2 31
52 100 8 65
53 99 23 61
53 101 4 46
53 98 22 51
53 101 37 61
53 101 16 81
53 97 17 63
53 100 23 29
53 100 38 68
53 100 52 88
53 99 4 44
53 104 17 29
53 99 3 21
53 101 68 91
53 98 8 21
53 99 10 52
53 103 22 48
53 101 2 72
53 99 39 46
53 100 35 78
53 98 12 16
53 98 52 88
53 100 24 69
53 97 3 76
53 98 32 64
53 100 6 13
53 98 42 80
53 99 3 67
53 100 26 54
53 99 65 77
53 102 35 86
53 100 4 9
53 100 1 40
53 100 17 68
53 100 4 54
53 101 17 36
53 101 22 65
53 101 57 80
53 101 23 65
53 103 13 39
53 99 1 44
54 97 32 45
54 100 64 89
54 104 25 92
54 102 16 38
54 102 1 72
54 100 27 54
54 99 3 50
54 104 29 42
54 102 6 57
54 104 55 89
54 101 38 64
54 97 54 68
54 100 44 94
54 104 5 74
54 99 52 98
54 96 3 15
54 100 22 50
54 97 23 58
54 100 0 30
54 104 90 105
54 100 64 105
54 101 59 101
54 102 3 33
54 99 29 49
54 103 4 14
54 98 38 91
54 98 34 65
54 98 33 98
54 100 45 83
54 99 41 89
54 104 19 85
54 97 3 54
54 102 16 48
54 102 23 85
54 99 54 94
54 103 55 58
54 99 5 41
54 102 81 89
55 95 26 82
55 100 47 75
55 98 59 80
55 93 12 31
55 101 14 67
55 100 7 11
55 101 11 81
55 104 6 84
55 102 42 83
55 104 6 45
55 96 3 42
55 98 6 37
55 100 29 45
55 104 19 74
55 104 14 39
55 101 36 63
55 100 64 83
55 99 33 61
55 100 48 88
55 97 30 70
55 99 66 90
55 102 4 59
55 99 20 88
55 103 28 77
55 103 34 76
55 100 44 70
55 102 41 57
55 99 43 62
55 101 27 28
55 100 2 11
55 103 75 85
55 99 0 82
55 101 42 84
55 99 75 76
55 100 54 56
55 97 39 79
55 99 8 44
55 101 20 76
55 101 9 29
56 96 29 31
56 100 77 90
56 97 53 65
56 98 7 24
56 95 67 94
56 101 46 90
56 103 13 57
56 99 47 89
56 100 6 82
56 101 41 78
56 100 36 92
56 102 68 75
56 99 15 65
56 99 13 23
56 101 26 77
56 96 11 67
56 98 18 35
56 101 54 67
56 102 33 101
56 101 15 46
56 100 31 97
56 102 27 86
56 99 70 75
56 103 45 99
56 95 25 77
56 100 23 81
56 104 31 68
56 101 45 88
56 97 66 87
56 100 39 86
56 98 19 54
56 99 0 50
56 103 0 47
56 100 61 85
56 97 78 84
56 98 55 77
56 100 12 18
56 100 2 36
56 102 5 33
56 99 28 87
56 101 29 81
56 100 49 57
57 101 9 65
57 99 17 68
57 101 31 47
57 99 18 46
57 103 10 57
57 99 2 54
57 101 18 49
57 99 34 47
57 99 55 72
57 104 14 65
57 100 37 69
57 102 4 70
57 99 9 69
57 100 40 49
57 101 13 69
57 100 33 58
57 100 11 32
57 101 24 56
57 99 3 31
57 101 14 72
57 97 10 31
57 96 10 58
57 97 15 62
57 100 1 25
57 94 21 66
57 98 58 70
57 96 35 66
57 99 4 67
57 100 1 37
57 98 2 57
57 100 30 64
57 103 41 45
57 98 7 55
57 102 12 17
57 103 13 49
57 99 35 64
57 102 8 43
57 101 11 68
58 101 40 73
58 95 65 92
58 99 26 99
58 101 29 63
58 98 10 102
58 101 13 71
58 101 0 104
58 101 50 77
58 99 49 100
58 101 89 106
58 102 64 75
58 100 78 79
58 99 23 63
58 100 82 93
58 100 29 91
58 100 8 69
58 96 85 89
58 97 7 105
58 100 19 86
58 99 53 79
58 100 41 95
58 99 41 92
58 105 6 60
58 99 17 37
58 100 3 15
58 100 12 73
58 102 18 72
58 100 31 64
58 98 24 65
58 100 15 65
58 102 17 21
58 99 44 92
58 101 55 85
58 100 49 93
58 100 66 101
58 101 55 64
58 99 41 88
58 97 42 71
58 101 38 53
58 102 42 86
58 99 23 91
58 99 19 99
58 100 26 31
59 102 32 73
59 98 13 34
59 100 3 62
59 101 7 39
59 102 23 59
59 102 69 90
59 98 17 39
59 100 4 41
59 101 45 67
59 101 57 91
59 100 37 55
59 99 0 9
59 99 34 65
59 97 2 16
59 102 15 60
59 103 11 41
59 100 9 82
59 98 10 41
59 104 8 91
59 98 39 46
59 98 42 71
59 99 16 40
59 100 21 62
59 99 44 79
59 100 11 24
59 102 11 78
59 102 68 69
59 97 60 68
59 101 2 85
59 96 29 80
59 104 13 52
59 103 10 65
59 99 33 77
59 102 15 54
59 101 83 88
59 98 70 90
59 99 31 46
59 99 40 87
59 102 45 84
59 99 22 65
59 101 49 50
59 100 12 48
59 101 10 45
59 100 16 33
59 103 70 93
59 100 51 63
59 97 13 84
59 99 32 72
60 100 2 31
60 99 1 43
60 100 37 76
60 101 12 21
60 101 29 36
60 99 12 61
60 98 50 91
60 103 53 91
60 97 18 50
60 100 20 53
60 99 14 86
60 98 63 108
60 99 73 81
60 101 57 94
60 98 16 45
60 99 43 80
60 98 29 58
60 96 27 36
60 104 6 47
60 102 21 81
60 100 3 14
60 102 19 62
60 101 31 38
60 100 29 110
60 100 22 29
60 100 33 54
60 99 63 106
60 100 18 51
60 99 25 49
60 98 49 83
60 99 31 48
60 102 20 66
60 97 68 107
60 100 40 94
60 102 27 60
60 100 47 85
60 97 26 70
60 103 50 81
60 100 52 83
60 104 80 101
61 104 3 58
61 101 53 71
61 98 29 64
61 101 6 62
61 102 40 95
61 97 1 27
61 100 13 60
61 101 8 49
61 103 6 26
61 100 3 32
61 100 24 44
61 101 46 84
61 101 0 98
61 98 33 69
61 98 55 83
61 102 22 73
61 103 42 64
61 99 48 83
61 97 61 82
61 101 4 78
61 103 1 78
61 100 30 47
61 97 50 74
61 98 44 68
61 101 66 86
61 101 26 71
61 100 16 31
61 99 19 72
61 98 2 57
61 105 0 51
61 100 20 80
61 98 7 22
61 97 43 95
61 100 15 23
61 100 38 64
62 103 19 62
62 102 14 74
62 95 7 42
62 100 6 73
62 102 11 52
62 102 11 40
62 102 7 32
62 98 4 17
62 100 21 33
62 101 28 29
62 97 30 66
62 102 40 50
62 100 55 58
62 101 36 61
62 98 27 60
62 104 1 61
62 100 36 48
62 99 15 69
62 104 11 66
62 100 14 59
62 100 20 71
62 99 4 66
62 98 20 47
62 102 5 38
62 97 72 73
62 100 31 72
62 104 35 42
62 101 3 48
62 103 35 53
62 99 1 35
62 102 4 42
62 99 29 55
62 98 18 75
62 100 11 68
62 102 0 47
62 101 6 52
62 102 32 51
62 103 3 21
63 101 24 67
63 98 9 46
63 103 7 56
63 95 31 78
63 103 30 90
63 98 15 90
63 102 42 65
63 101 2 12
63 101 35 68
63 98 7 35
63 102 17 62
63 102 20 80
63 101 27 47
63 104 28 40
63 99 0 5
63 100 33 65
63 99 0 96
63 98 18 76
63 99 58 93
63 96 12 27
63 103 15 31
63 98 66 81
63 100 28 75
63 98 31 87
63 97 8 69
63 100 64 66
63 101 20 46
63 98 1 51
63 101 16 43
63 100 24 48
63 98 6 62
63 103 14 43
63 99 12 47
63 98 19 59
63 99 1 70
63 100 15 69
63 97 31 41
63 104 45 78
63 102 22 82
63 101 8 60
64 99 24 92
64 103 78 88
64 98 31 89
64 99 37 103
64 99 54 100
64 98 47 100
64 100 60 82
64 100 80 90
64 98 3 34
64 97 17 30
64 101 47 62
64 100 41 48
64 98 48 69
64 100 84 87
64 100 23 99
64 98 39 97
64 102 44 98
64 102 36 96
64 98 83 106
64 100 12 78
64 100 29 35
64 96 47 84
64 99 10 92
64 100 93 100
64 104 2 46
64 100 67 99
64 101 43 55
64 104 59 64
64 103 4 53
64 100 19 45
64 101 3 39
64 104 7 93
64 100 2 72
64 104 37 102
64 101 58 94
64 106 57 100
65 98 5 42
65 100 7 50
65 101 20 63
65 101 30 65
65 97 0 63
65 99 12 60
65 98 21 58
65 102 58 62
65 99 4 55
65 100 23 28
65 102 19 54
65 101 21 65
65 101 31 63
65 98 40 48
65 102 38 59
65 100 40 61
65 99 7 40
65 103 4 15
65 98 16 37
65 103 0 63
65 101 13 45
65 102 29 54
65 102 29 33
65 98 54 64
65 101 3 66
65 99 1 35
65 100 2 51
65 102 6 45
65 98 0 56
65 102 17 23
65 95 11 65
65 95 18 66
65 100 5 50
65 100 47 65
65 97 10 20
66 102 36 38
66 99 0 23
66 102 12 83
66 99 14 79
66 100 51 74
66 100 33 41
66 101 53 73
66 100 25 32
66 96 10 24
66 99 6 69
66 99 55 73
66 100 6 77
66 100 10 41
66 98 6 55
66 100 0 83
66 98 12 63
66 101 10 54
66 100 42 83
66 99 14 64
66 100 6 33
66 101 18 57
66 104 7 57
66 102 14 42
66 98 28 83
66 97 7 51
66 98 9 53
66 101 44 64
66 100 55 78
66 100 3 5
66 97 30 50
66 99 36 53
66 99 1 65
66 99 44 78
66 102 29 83
66 100 13 49
66 99 23 82
66 100 11 70
66 99 13 33
66 98 9 47
66 99 16 62
66 97 10 58
67 101 1 89
67 100 15 66
67 99 77 89
67 99 73 90
67 97 36 37
67 103 58 84
67 101 54 65
67 99 30 46
67 100 21 82
67 101 9 27
67 98 32 58
67 101 6 87
67 102 12 66
67 98 27 32
67 99 34 46
67 100 60 85
67 100 8 85
67 101 64 76
67 98 9 16
67 104 1 91
67 99 6 43
67 98 8 18
67 102 15 56
67 101 21 34
67 100 25 70
67 101 3 11
67 101 48 73
67 98 2 51
67 101 19 57
67 99 19 55
67 101 21 74
67 99 31 76
67 103 5 9
67 99 17 49
67 97 23 57
67 102 1 47
67 99 26 87
67 100 39 44
67 99 36 42
67 98 17 53
67 100 2 82
67 99 11 89
67 107 2 74
67 98 6 14
67 100 31 68
68 101 38 69
68 103 5 11
68 102 52 61
68 99 43 52
68 100 19 79
68 102 0 47
68 97 23 67
68 98 53 73
68 98 23 76
68 98 6 12
68 103 29 88
68 99 10 11
68 102 17 76
68 100 16 91
68 98 76 77
68 102 29 35
68 99 8 54
68 98 51 95
68 104 44 82
68 101 61 65
68 97 63 83
68 101 55 86
68 101 0 38
68 99 7 58
68 101 46 72
68 99 98 101
68 100 5 97
68 99 37 93
68 102 60 75
68 103 58 67
68 103 11 59
68 103 9 14
68 96 73 91
68 101 17 56
68 99 4 46
68 101 21 47
68 102 22 36
68 100 29 60
68 102 6 39
68 100 15 73
68 100 23 81
68 98 19 64
68 101 1 41
69 101 12 41
69 99 3 31
69 98 4 44
69 103 63 77
69 100 23 80
69 105 26 71
69 103 5 78
69 99 21 72
69 100 60 83
69 100 56 77
69 101 4 76
69 104 10 72
69 98 7 65
69 99 15 21
69 101 14 31
69 103 49 76
69 96 8 79
69 100 14 65
69 95 42 43
69 100 29 75
69 100 18 62
69 97 12 59
69 102 4 35
69 96 9 62
69 102 17 63
69 104 10 39
69 101 8 33
69 102 11 23
69 99 34 57
69 101 21 77
69 98 0 39
69 100 15 57
69 101 0 60
69 105 16 68
69 99 0 79
69 103 10 49
69 99 16 70
69 103 30 38
70 100 50 72
70 102 9 33
70 99 33 81
70 99 24 85
70 103 72 96
70 102 13 37
70 101 4 71
70 99 8 37
70 101 6 76
70 102 17 18
70 102 70 101
70 97 56 67
70 101 19 23
70 99 35 82
70 101 52 75
70 99 63 88
70 103 31 86
70 102 5 20
70 99 1 84
70 100 3 89
70 98 1 66
70 100 7 30
70 101 0 66
70 100 76 84
70 102 85 103
70 100 74 91
70 98 16 44
70 100 14 39
70 98 29 42
70 100 11 48
70 102 31 62
70 99 79 103
70 100 5 67
70 101 7 10
70 102 39 86
70 99 3 77
70 100 55 86
70 99 22 82
70 104 8 70
70 101 20 48
71 99 24 46
71 102 50 71
71 103 78 97
71 101 60 63
71 101 4 38
71 100 12 66
71 99 24 49
71 99 25 65
71 102 64 92
71 98 71 92
71 100 27 53
71 101 26 47
71 97 32 76
71 101 10 97
71 100 67 91
71 102 36 80
71 98 21 67
71 101 22 52
71 99 73 92
71 102 51 83
71 101 15 66
71 98 11 83
71 100 96 99
71 100 11 74
71 101 7 86
71 100 29 75
71 103 26 80
71 99 46 71
71 102 5 95
71 104 18 42
71 102 52 93
71 101 3 79
71 100 26 99
71 96 31 89
71 98 63 87
71 100 22 83
71 99 25 92
71 99 12 20
71 101 11 94
71 99 11 76
71 103 50 84
71 101 5 63
72 97 59 74
72 94 69 91
72 102 78 88
72 100 35 88
72 102 51 82
72 97 31 61
72 98 34 68
72 102 21 91
72 102 66 83
72 102 35 73
72 107 49 85
72 96 67 77
72 104 37 98
72 103 41 101
72 100 48 80
72 102 31 77
72 98 6 35
72 99 18 43
72 104 33 100
72 100 8 40
72 99 28 69
72 98 27 99
72 103 15 61
72 99 3 48
72 102 42 81
72 97 7 91
72 100 32 72
72 101 2 100
72 100 2 47
72 97 17 88
72 98 30 59
72 101 8 83
72 103 10 28
72 101 80 100
72 102 41 91
72 100 23 65
72 98 46 63
72 99 80 91
73 98 20 86
73 97 0 100
73 102 1 38
73 100 20 83
73 100 44 94
73 101 30 41
73 100 16 57
73 97 35 82
73 104 0 41
73 99 60 80
73 102 28 86
73 98 45 80
73 100 18 102
73 101 49 102
73 99 20 83
73 100 9 56
73 101 9 82
73 101 24 33
73 100 44 76
73 101 29 100
73 99 13 56
73 99 20 57
73 97 75 102
73 98 79 88
73 100 38 52
73 101 12 99
73 96 25 63
73 104 25 77
73 100 27 50
73 101 40 57
73 102 29 66
73 101 6 32
73 99 9 95
73 99 46 86
73 99 78 99
73 99 60 88
73 98 39 88
73 96 10 92
73 98 27 80
73 102 9 79
73 103 52 63
73 102 35 95
74 98 45 77
74 101 24 52
74 99 51 93
74 99 7 41
74 95 35 73
74 99 54 93
74 100 8 23
74 98 80 86
74 104 15 56
74 101 53 86
74 100 32 100
74 98 48 94
74 99 0 23
74 95 10 68
74 101 73 83
74 99 2 24
74 101 28 78
74 100 20 72
74 100 70 84
74 102 30 87
74 100 4 94
74 99 24 88
74 98 34 96
74 102 65 70
74 100 67 80
74 103 13 73
74 100 68 84
74 97 6 76
74 101 56 83
74 103 47 93
74 97 20 26
74 100 33 85
74 101 1 75
74 100 1 12
74 104 87 93
74 98 9 49
75 98 9 88
75 100 39 56
75 103 51 68
75 99 62 88
75 98 45 84
75 98 60 68
75 96 42 89
75 99 0 54
75 100 37 64
75 99 62 70
75 100 16 57
75 98 17 62
75 98 53 91
75 100 63 76
75 102 18 91
75 97 26 87
75 102 6 68
75 98 51 93
75 99 44 91
75 102 37 41
75 100 44 81
75 103 59 89
75 101 20 53
75 99 12 79
75 103 3 23
75 97 14 61
75 99 40 68
75 102 20 64
75 102 8 47
75 97 71 80
75 101 48 57
75 98 40 50
75 98 17 18
75 101 4 86
75 101 7 33
75 100 27 52
75 101 16 63
76 102 1 41
76 100 80 86
76 101 44 88
76 101 23 71
76 99 31 58
76 97 15 22
76 100 0 95
76 98 47 73
76 97 23 49
76 97 7 63
76 101 44 46
76 100 75 97
76 101 45 78
76 98 23 38
76 96 85 99
76 100 37 61
76 101 14 98
76 96 87 93
76 99 27 97
76 100 19 55
76 99 78 94
76 101 27 49
76 103 74 91
76 99 15 71
76 98 51 94
76 107 9 20
76 100 47 56
76 97 0 38
76 100 7 51
76 101 30 69
76 103 9 75
76 100 16 43
76 98 37 64
76 100 15 49
76 100 8 83
76 102 73 86
77 103 9 88
77 99 32 52
77 99 9 46
77 98 8 74
77 101 22 53
77 103 17 78
77 100 35 88
77 100 24 74
77 99 77 79
77 98 42 87
77 99 28 66
77 101 28 69
77 100 16 25
77 97 5 68
77 103 16 30
77 100 25 68
77 99 31 90
77 100 69 84
77 102 24 29
77 104 58 91
77 100 21 89
77 100 21 82
77 98 22 90
77 98 21 69
77 97 10 29
77 100 2 51
77 100 36 90
77 101 26 48
77 100 68 88
77 102 20 89
77 99 4 86
77 100 19 30
77 98 40 56
77 99 23 64
77 99 0 91
77 103 8 33
77 102 26 68
77 98 6 84
78 98 30 73
78 102 16 27
78 102 24 68
78 99 20 83
78 99 37 66
78 98 3 14
78 102 33 84
78 101 3 101
78 100 11 16
78 96 53 78
78 101 18 95
78 98 14 20
78 98 27 69
78 100 69 108
78 99 23 106
78 100 81 108
78 101 45 81
78 101 31 52
78 100 58 81
78 101 25 92
78 104 0 13
78 100 61 106
78 96 28 82
78 104 11 46
78 100 59 63
78 103 38 53
78 98 23 62
78 99 49 87
78 100 78 106
78 100 3 79
78 97 35 50
78 103 85 99
78 102 23 26
78 103 46 66
78 99 0 106
78 100 72 107
78 99 37 83
78 103 6 39
78 98 8 78
78 99 26 61
78 101 0 29
78 100 22 53
78 101 89 93
78 101 94 97
78 102 16 19
78 101 84 96
78 100 5 10
79 100 42 83
79 99 45 73
79 101 21 70
79 100 8 85
79 101 54 66
79 97 39 82
79 102 25 57
79 98 13 76
79 100 24 80
79 104 13 77
79 100 9 78
79 98 19 70
79 99 43 58
79 101 7 86
79 97 52 55
79 97 20 64
79 99 3 30
79 104 34 65
79 102 51 80
79 99 18 44
79 102 14 49
79 102 21 73
79 100 22 41
79 104 67 86
79 104 10 22
79 101 10 66
79 101 47 78
79 99 34 81
79 99 2 70
79 101 30 75
79 100 26 70
79 100 51 73
79 98 18 80
79 95 26 68
79 97 30 68
79 100 9 28
79 103 37 79
79 100 11 56
79 104 69 73
80 102 42 97
80 96 9 31
80 97 15 87
80 99 23 85
80 97 40 89
80 101 58 69
80 100 0 15
80 97 50 88
80 102 0 39
80 101 56 68
80 99 54 94
80 104 20 63
80 98 11 35
80 97 17 85
80 99 21 77
80 99 22 47
80 98 56 61
80 99 0 98
80 101 55 74
80 101 36 71
80 101 20 26
80 100 33 44
80 101 47 85
80 98 1 14
80 99 15 75
80 96 56 85
80 101 70 81
80 100 31 38
80 100 45 59
80 99 79 87
80 102 14 91
80 101 22 24
80 95 3 43
80 97 4 44
80 102 45 60
80 99 48 61
80 100 41 98
80 98 30 65
80 98 50 95
80 102 50 63
80 102 76 82
80 99 10 37
80 100 53 68
80 103 36 97
80 99 28 37
80 100 71 84
80 97 2 97
81 104 12 64
81 100 18 23
81 100 1 48
81 99 8 57
81 99 16 57
81 96 24 75
81 99 29 54
81 101 24 83
81 102 19 24
81 99 43 75
81 98 28 55
81 100 55 74
81 97 51 73
81 102 17 39
81 101 71 80
81 102 40 48
81 99 43 63
81 98 4 44
81 101 22 66
81 99 2 69
81 101 24 48
81 97 24 73
81 101 6 25
81 104 39 47
81 101 41 72
81 98 13 80
81 101 13 62
81 101 6 31
81 101 5 53
81 102 18 62
81 100 48 74
81 98 51 59
81 97 37 69
81 101 33 48
81 104 2 77
81 102 5 49
81 100 32 67
81 102 32 83
81 97 6 16
81 102 57 70
81 97 15 75
81 98 32 83
82 97 39 67
82 98 9 47
82 98 1 72
82 105 2 6
82 101 4 37
82 100 26 58
82 101 14 76
82 100 11 26
82 102 46 48
82 99 28 63
82 100 0 61
82 100 14 42
82 104 20 41
82 99 43 62
82 99 19 52
82 103 6 41
82 100 14 40
82 103 69 76
82 100 7 50
82 100 64 75
82 100 0 78
82 102 0 73
82 102 0 77
82 100 2 71
82 100 65 67
82 101 38 67
82 98 1 76
82 101 7 36
82 104 14 52
82 100 12 29
82 103 3 71
82 98 28 59
82 100 40 62
82 102 16 74
82 99 22 56
82 98 1 58
82 102 14 24
82 98 54 70
82 98 24 44
82 100 2 73
82 99 19 42
82 99 31 60
82 100 48 63
82 99 4 46
83 99 7 52
83 100 29 73
83 99 53 87
83 99 21 69
83 100 8 66
83 99 73 92
83 103 52 93
83 102 93 95
83 101 37 82
83 100 29 91
83 97 57 79
83 100 39 96
83 98 7 27
83 101 9 47
83 100 30 34
83 100 32 80
83 99 48 82
83 99 62 92
83 101 42 54
83 101 44 78
83 96 24 95
83 102 28 72
83 100 26 68
83 98 38 78
83 100 26 35
83 99 65 92
83 101 8 31
83 101 4 10
83 99 9 75
83 99 27 50
83 100 7 70
83 99 11 40
83 98 48 73
83 102 18 87
83 98 69 97
83 100 62 70
83 99 62 92
83 103 9 20
83 100 45 92
84 100 29 64
84 100 34 53
84 102 43 60
84 97 38 54
84 101 23 44
84 102 84 98
84 100 26 99
84 101 81 94
84 104 31 82
84 100 96 98
84 100 17 74
84 100 48 97
84 98 33 96
84 102 62 80
84 98 37 56
84 101 22 78
84 101 28 43
84 100 24 83
84 101 28 76
84 103 12 38
84 100 28 54
84 102 9 78
84 98 34 94
84 97 53 79
84 100 0 61
84 100 43 97
84 97 26 66
84 97 58 91
84 101 52 83
84 101 77 91
84 101 14 28
84 101 41 78
84 101 76 78
84 99 49 93
84 102 6 43
84 99 53 98
84 101 41 57
84 99 53 63
84 101 5 19
84 99 34 98
85 104 71 80
85 99 70 119
85 103 12 65
85 99 11 26
85 101 61 108
85 96 20 26
85 98 1 12
85 101 51 102
85 101 24 62
85 99 92 103
85 100 41 92
85 99 78 107
85 102 29 42
85 101 111 117
85 101 88 113
85 102 59 108
85 102 24 63
85 100 61 85
85 101 80 103
85 102 101 118
85 103 72 112
85 98 16 117
85 98 108 109
85 95 33 71
85 100 83 92
85 96 6 42
85 101 86 123
85 100 43 83
85 98 0 29
85 97 18 74
85 101 13 67
85 100 17 79
85 100 19 54
85 101 22 67
86 98 16 82
86 100 19 72
86 99 8 57
86 98 23 68
86 101 41 85
86 99 7 35
86 98 9 71
86 98 35 82
86 98 44 82
86 100 40 81
86 99 0 83
86 99 20 39
86 102 37 68
86 98 56 71
86 100 45 77
86 100 50 79
86 97 71 86
86 99 6 47
86 102 1 55
86 103 29 52
86 101 8 43
86 99 7 21
86 100 4 40
86 99 33 85
86 100 24 85
86 100 12 15
86 101 44 71
86 99 1 61
86 100 61 83
86 100 29 76
86 97 21 37
86 102 42 78
86 102 0 67
86 101 21 77
86 98 30 34
86 99 28 45
86 98 11 82
86 97 27 63
86 101 53 79
86 102 27 86
87 103 16 55
87 100 29 60
87 102 12 85
87 98 55 97
87 99 35 100
87 98 85 88
87 100 8 37
87 98 31 77
87 99 7 60
87 99 0 81
87 101 49 53
87 98 11 25
87 101 44 99
87 99 36 102
87 102 11 59
87 99 14 57
87 101 50 88
87 103 94 97
87 101 45 59
87 104 35 98
87 103 59 95
87 99 57 82
87 102 59 76
87 100 31 75
87 101 79 96
87 98 48 88
87 100 40 71
87 99 68 83
87 100 45 88
87 99 90 103
87 103 32 74
87 101 13 56
87 100 3 42
87 96 41 85
87 107 26 97
87 99 5 84
88 98 43 90
88 98 61 84
88 100 20 100
88 100 40 66
88 101 37 94
88 100 28 100
88 101 25 102
88 101 34 53
88 106 36 102
88 99 25 64
88 105 18 36
88 98 21 101
88 99 3 38
88 100 3 55
88 100 63 101
88 101 66 87
88 103 38 42
88 99 44 102
88 101 24 74
88 100 54 57
88 101 18 66
88 103 56 76
88 102 54 72
88 100 27 74
88 104 91 92
88 101 30 74
88 102 12 29
88 103 10 66
88 100 12 43
88 100 15 85
88 103 42 92
88 100 8 9
88 100 52 96
88 99 13 88
88 97 59 68
88 99 4 49
88 99 53 96
88 105 39 64
88 103 44 98
88 99 45 91
88 97 29 61
88 100 1 46
89 98 3 80
89 100 54 66
89 101 26 38
89 101 29 84
89 103 33 36
89 96 8 81
89 99 34 85
89 97 72 80
89 99 53 55
89 97 36 90
89 101 59 76
89 103 66 74
89 98 61 89
89 100 33 68
89 98 3 63
89 101 21 29
89 98 26 89
89 100 14 60
89 102 55 88
89 101 21 50
89 98 63 82
89 100 33 89
89 98 52 95
89 101 19 66
89 100 36 76
89 100 62 84
89 103 3 59
89 99 59 86
89 101 53 87
89 98 0 63
89 99 9 45
89 103 83 89
89 98 37 90
89 101 39 68
89 99 36 68
89 100 1 80
89 101 4 70
89 98 24 58
89 100 5 59
89 102 11 28
89 97 14 79
89 98 76 77
90 99 23 75
90 100 47 80
90 100 5 97
90 102 53 67
90 101 10 34
90 99 53 74
90 99 25 92
90 100 53 73
90 100 12 75
90 101 28 37
90 99 16 32
90 101 49 83
90 101 5 90
90 98 59 85
90 98 20 67
90 99 0 98
90 101 18 92
90 101 31 83
90 99 8 66
90 100 38 67
90 100 2 89
90 101 2 59
90 100 68 96
90 101 38 90
90 100 26 54
90 100 20 47
90 99 2 96
90 99 30 84
90 104 10 82
90 98 8 43
90 103 19 61
90 100 0 82
90 99 27 93
90 99 36 40
90 100 10 27
90 98 19 37
90 101 84 97
90 102 27 68
90 99 51 96
90 99 22 77
90 98 39 89
90 99 30 63
91 102 34 61
91 102 40 71
91 99 43 102
91 101 63 98
91 100 63 103
91 104 27 49
91 101 25 77
91 100 13 58
91 97 37 94
91 100 10 74
91 99 66 103
91 101 6 7
91 97 57 75
91 99 2 43
91 96 46 96
91 99 30 84
91 99 21 78
91 97 17 50
91 103 49 94
91 100 17 26
91 100 2 9
91 99 25 46
91 98 92 109
91 99 62 74
91 99 23 95
91 100 66 98
91 100 75 85
91 99 41 81
91 98 26 82
91 99 6 25
91 103 0 11
91 100 44 101
91 98 77 81
91 105 86 101
91 102 29 70
91 100 31 79
91 100 44 88
91 100 17 75
91 103 39 91
92 103 50 102
92 100 31 81
92 101 14 85
92 98 93 105
92 99 46 68
92 102 55 95
92 99 80 83
92 104 19 55
92 98 47 70
92 105 47 85
92 99 89 106
92 103 21 102
92 99 50 77
92 98 1 59
92 101 52 80
92 99 3 69
92 101 10 50
92 99 35 57
92 100 4 67
92 101 44 47
92 99 40 71
92 99 25 64
92 101 14 23
92 101 37 50
92 97 22 77
92 102 1 109
92 103 25 100
92 102 12 57
92 98 49 54
92 103 20 54
92 98 31 74
92 99 54 80
92 98 4 109
92 103 43 65
92 97 57 92
92 99 21 71
92 96 45 85
92 102 25 68
92 102 6 28
92 102 0 105
92 99 79 106
93 103 66 86
93 100 24 67
93 98 29 92
93 103 10 75
93 100 26 46
93 98 51 75
93 96 39 85
93 98 16 51
93 103 3 48
93 101 21 75
93 101 0 10
93 99 7 66
93 101 10 23
93 99 5 64
93 100 17 77
93 104 26 69
93 98 41 88
93 100 10 43
93 102 16 92
93 95 23 50
93 101 21 66
93 104 24 35
93 100 46 60
93 99 33 52
93 98 9 46
93 101 18 44
93 98 10 32
93 100 26 32
93 101 56 94
93 105 44 78
93 98 12 65
93 101 10 67
93 98 15 78
93 101 2 21
93 97 10 74
93 102 9 62
93 97 22 55
93 101 9 70
93 103 14 35
94 100 85 92
94 102 17 62
94 98 25 43
94 100 22 63
94 95 49 74
94 99 60 82
94 99 20 73
94 102 27 92
94 99 2 50
94 101 34 68
94 101 1 88
94 97 0 94
94 99 67 83
94 101 67 87
94 101 0 53
94 96 19 33
94 98 19 31
94 102 23 49
94 99 8 22
94 98 22 63
94 100 49 94
94 101 3 31
94 97 44 52
94 101 15 91
94 101 32 71
94 100 74 81
94 100 24 87
94 97 64 88
94 100 57 92
94 101 54 84
94 97 14 19
94 102 56 77
94 100 20 71
94 97 69 83
94 98 13 43
94 100 1 34
94 100 9 40
94 102 20 70
94 101 49 76
95 101 66 85
95 102 29 46
95 100 44 66
95 100 46 83
95 101 17 86
95 100 0 48
95 97 0 41
95 100 38 72
95 99 7 48
95 102 16 56
95 101 22 65
95 97 13 58
95 99 48 70
95 100 3 85
95 100 29 54
95 99 25 79
95 101 9 86
95 97 0 66
95 99 1 69
95 102 10 51
95 97 6 87
95 101 1 90
95 99 27 87
95 104 37 77
95 97 54 80
95 98 27 71
95 101 17 33
95 102 23 66
95 95 37 52
95 101 6 15
95 103 13 18
95 98 9 81
95 100 28 60
95 96 38 49
95 101 12 69
95 101 14 65
95 101 55 74
95 103 65 84
95 100 18 41
95 103 18 64
96 103 7 54
96 100 16 79
96 103 6 10
96 99 6 63
96 100 1 28
96 100 2 51
96 98 62 83
96 101 68 74
96 97 70 82
96 100 57 64
96 99 8 48
96 98 8 86
96 99 0 23
96 102 59 78
96 101 72 74
96 102 16 23
96 99 9 22
96 97 55 85
96 101 39 86
96 104 9 48
96 102 33 52
96 100 8 85
96 102 24 53
96 99 12 65
96 101 38 64
96 96 2 20
96 100 8 42
96 101 51 70
96 102 1 79
96 98 8 28
96 96 28 74
96 100 24 57
96 100 53 57
96 98 25 80
96 102 72 89
96 101 10 49
96 102 33 52
96 98 58 65
96 100 28 50
96 97 5 84
97 98 50 74
97 99 35 85
97 99 17 69
97 102 16 84
97 99 60 77
97 103 43 84
97 101 29 36
97 103 36 79
97 103 11 51
97 99 23 34
97 99 5 81
97 97 46 72
97 100 43 48
97 102 26 44
97 101 6 46
97 101 11 66
97 97 57 81
97 99 11 76
97 97 27 40
97 99 8 83
97 99 30 47
97 98 29 63
97 99 25 59
97 97 5 83
97 100 3 45
97 102 10 49
97 100 39 54
97 101 8 65
97 104 8 40
97 101 20 63
97 100 58 87
97 96 13 16
97 100 16 40
97 97 70 87
98 98 21 67
98 97 6 10
98 101 56 89
98 101 52 54
98 99 42 89
98 102 12 66
98 99 39 40
98 101 57 107
98 102 38 90
98 98 36 77
98 102 8 72
98 102 85 99
98 103 66 106
98 104 30 62
98 100 0 24
98 100 58 63
98 101 41 85
98 101 16 94
98 104 23 45
98 99 48 91
98 98 22 69
98 97 78 83
98 97 19 39
98 102 99 100
98 98 10 16
98 97 40 55
98 104 45 103
98 99 10 80
98 97 34 35
98 102 41 59
98 101 7 78
98 100 73 98
98 100 14 71
98 100 42 106
98 97 40 77
99 99 52 69
99 103 14 76
99 99 10 80
99 101 33 72
99 100 44 79
99 100 26 44
99 103 9 77
99 103 34 70
99 99 48 61
99 99 48 89
99 100 16 34
99 101 3 51
99 98 67 90
99 101 18 72
99 102 14 28
99 103 26 79
99 96 54 64
99 97 33 81
99 99 25 40
99 99 77 82
99 97 33 58
99 100 24 53
99 99 33 56
99 101 31 47
99 101 1 70
99 101 22 66
99 95 15 60
99 102 6 76
99 100 45 67
99 98 16 24
99 100 15 63
99 99 21 67
99 100 16 32
99 99 4 51
99 100 15 39
99 98 12 83
99 103 1 67
99 102 45 73
