0 103 20 63
0 100 14 38
0 100 28 83
0 98 30 48
0 102 5 90
0 97 48 72
0 101 19 93
0 102 33 67
0 100 82 87
0 100 13 63
0 100 32 90
0 96 9 50
0 100 81 94
0 100 4 82
0 100 26 63
0 97 37 63
0 99 16 57
0 97 66 91
0 100 29 50
0 103 52 95
0 104 11 50
0 99 24 52
0 103 42 60
0 97 37 45
0 102 34 72
0 101 27 94
0 100 12 72
0 101 2 95
0 103 3 88
0 97 24 67
0 101 38 44
0 99 9 55
0 96 38 60
0 100 45 77
0 99 53 86
0 98 22 54
0 98 30 31
0 100 4 51
0 103 31 84
0 97 7 86
0 98 3 69
0 99 2 14
0 99 12 21
0 100 65 90
0 99 43 91
0 100 0 86
0 100 40 72
0 98 47 86
0 101 6 61
0 101 4 65
0 101 3 80
0 98 21 26
1 102 7 72
1 96 5 32
1 100 9 89
1 101 14 74
1 100 2 68
1 97 37 80
1 97 43 76
1 104 0 89
1 99 6 38
1 97 4 47
1 95 59 90
1 100 16 23
1 101 9 60
1 101 14 35
1 101 31 93
1 100 42 55
1 100 4 35
1 100 13 56
1 102 18 23
1 98 78 93
1 103 57 74
1 95 24 40
1 98 12 90
1 101 16 61
1 101 24 79
1 99 73 93
1 105 45 49
1 100 39 70
1 97 62 88
1 100 22 58
1 99 15 68
1 105 22 81
1 101 52 80
1 100 8 75
1 96 26 49
1 102 48 55
1 98 22 75
1 96 33 62
1 104 47 65
1 100 1 71
1 100 30 54
1 99 27 89
1 98 2 60
1 100 18 88
1 99 42 86
1 98 6 39
1 100 13 51
1 97 10 68
1 101 55 64
1 101 5 75
1 101 4 70
1 100 15 36
1 102 0 35
2 97 41 83
2 99 46 78
2 100 27 30
2 99 23 62
2 98 44 100
2 99 13 55
2 101 2 64
2 100 70 102
2 102 31 59
2 100 65 101
2 103 40 84
2 102 0 5
2 100 14 59
2 98 76 91
2 100 15 84
2 99 3 102
2 102 37 91
2 98 15 33
2 99 0 34
2 99 64 98
2 98 41 65
2 104 38 60
2 104 69 99
2 97 24 61
2 97 87 97
2 102 22 80
2 98 55 98
2 99 7 47
2 100 54 80
2 102 44 100
2 100 6 39
2 100 57 80
2 101 9 81
2 101 51 88
2 100 80 83
2 101 16 36
2 100 34 83
2 100 87 91
2 99 43 57
2 97 7 46
2 99 45 73
2 101 33 55
2 99 24 90
2 95 76 80
2 101 1 43
2 99 5 57
2 97 39 68
2 98 42 69
2 99 17 20
2 98 71 97
2 99 7 45
2 101 78 94
2 103 76 98
2 102 45 102
3 104 2 40
3 101 17 32
3 101 75 90
3 102 36 38
3 103 13 24
3 100 71 77
3 102 13 43
3 102 33 42
3 103 12 31
3 101 7 46
3 99 35 90
3 103 30 72
3 100 33 80
3 102 86 95
3 102 7 76
3 102 13 18
3 102 42 92
3 101 52 66
3 101 35 95
3 100 59 78
3 100 23 88
3 98 4 70
3 102 53 83
3 98 20 72
3 102 11 58
3 98 63 66
3 102 43 52
3 100 8 46
3 99 32 66
3 102 59 92
3 103 18 45
3 100 25 74
3 102 35 51
3 99 30 77
3 101 38 76
3 100 11 18
3 99 26 49
3 100 44 56
3 100 55 86
3 102 86 87
3 100 28 56
3 104 20 61
3 103 57 61
3 96 30 89
4 102 11 72
4 101 52 53
4 99 77 78
4 102 10 62
4 103 22 86
4 97 15 39
4 105 47 74
4 98 9 63
4 102 23 28
4 98 19 29
4 98 24 33
4 97 20 86
4 98 4 17
4 101 22 47
4 101 33 52
4 102 51 90
4 96 39 90
4 102 21 35
4 100 18 36
4 98 8 36
4 98 5 30
4 98 20 57
4 101 22 69
4 102 16 40
4 98 21 78
4 100 0 82
4 104 53 54
4 101 25 53
4 103 4 91
4 100 41 74
4 98 31 43
4 102 5 19
4 102 10 89
4 101 29 85
4 99 66 76
4 100 21 61
4 106 9 76
4 98 55 61
4 99 4 46
4 100 2 11
4 101 55 83
4 100 12 65
4 101 70 72
4 100 22 75
4 100 18 58
4 100 18 87
4 103 59 88
4 99 27 85
5 100 20 90
5 99 4 7
5 99 19 80
5 101 47 62
5 104 23 63
5 101 31 80
5 102 13 42
5 101 43 80
5 96 47 101
5 100 9 25
5 101 26 81
5 103 61 100
5 99 44 89
5 99 67 98
5 103 48 55
5 100 32 89
5 101 20 55
5 99 35 76
5 102 25 66
5 100 65 67
5 98 22 80
5 96 3 17
5 102 69 70
5 100 55 98
5 101 52 75
5 100 80 96
5 102 71 94
5 101 6 72
5 100 3 67
5 102 19 35
5 101 18 79
5 99 54 59
5 103 21 35
5 101 13 59
5 100 53 94
5 101 5 56
5 101 32 68
5 100 65 67
5 101 36 81
5 102 29 87
5 98 42 102
5 103 15 55
5 98 1 5
5 98 11 52
5 99 31 48
5 103 30 49
6 97 59 97
6 98 68 92
6 97 19 42
6 101 7 60
6 104 13 80
6 102 36 65
6 100 43 95
6 98 7 96
6 100 67 89
6 101 9 99
6 99 38 65
6 99 26 77
6 98 54 57
6 101 48 82
6 101 51 92
6 102 56 95
6 101 42 48
6 99 32 79
6 103 47 90
6 98 28 73
6 101 5 52
6 96 29 88
6 101 4 69
6 100 15 32
6 100 13 66
6 96 2 39
6 100 71 97
6 97 41 86
6 98 9 71
6 101 0 91
6 105 17 79
6 99 35 96
6 101 13 79
6 99 21 27
6 99 6 47
6 100 38 84
6 100 73 97
6 99 35 74
6 101 36 77
6 99 72 86
6 103 25 65
6 97 64 93
6 99 24 51
6 99 20 42
6 101 45 72
6 99 25 53
6 100 28 30
6 100 37 71
6 104 31 67
7 102 79 96
7 100 50 60
7 100 46 103
7 102 52 54
7 101 51 81
7 105 6 40
7 100 33 54
7 102 16 63
7 100 20 60
7 98 31 87
7 100 5 78
7 99 1 39
7 100 9 75
7 100 10 16
7 103 26 78
7 99 17 91
7 103 38 74
7 101 52 80
7 101 6 69
7 101 42 79
7 99 7 74
7 100 26 94
7 99 23 91
7 99 15 77
7 102 52 86
7 98 40 69
7 96 40 93
7 96 27 63
7 96 11 90
7 101 45 89
7 97 28 83
7 99 34 60
7 101 55 97
7 98 63 97
7 102 41 54
7 98 50 62
7 97 30 35
7 100 71 90
7 102 55 83
7 99 1 65
7 101 1 73
7 99 28 47
7 98 13 50
7 104 80 88
7 99 15 102
7 99 61 87
7 104 24 43
7 100 26 100
7 99 79 107
7 98 61 93
7 102 33 82
7 97 24 71
8 100 23 53
8 100 36 61
8 99 29 63
8 98 73 91
8 102 62 80
8 100 62 96
8 103 37 67
8 98 62 68
8 102 33 60
8 100 56 61
8 99 12 83
8 102 49 89
8 101 48 88
8 100 25 69
8 99 33 107
8 99 24 55
8 101 99 101
8 103 40 102
8 99 59 80
8 101 49 68
8 98 30 84
8 101 15 51
8 98 47 97
8 99 63 91
8 101 14 41
8 101 27 29
8 100 54 87
8 99 16 79
8 100 8 84
8 102 31 85
8 96 82 93
8 99 70 80
8 99 56 77
8 100 66 99
8 101 9 22
8 101 2 41
8 100 18 101
8 101 50 62
8 98 49 74
8 103 37 64
8 98 72 98
8 96 11 42
8 100 22 75
8 99 30 97
8 100 49 96
8 101 24 56
8 102 88 89
8 102 61 67
8 101 56 80
8 100 57 66
8 101 20 54
8 101 3 109
8 98 68 97
8 98 56 86
8 102 39 46
8 101 27 85
8 97 21 62
9 101 4 103
9 101 22 107
9 98 38 46
9 100 53 81
9 97 98 121
9 101 93 115
9 103 4 89
9 96 83 107
9 99 37 84
9 98 19 45
9 98 6 30
9 102 25 46
9 100 2 30
9 96 25 47
9 101 3 76
9 101 75 88
9 99 27 109
9 102 64 112
9 102 97 118
9 101 77 111
9 100 41 91
9 100 45 90
9 97 27 94
9 97 87 93
9 95 16 68
9 102 78 119
9 104 88 94
9 101 54 117
9 99 62 112
9 97 28 103
9 100 2 47
9 97 89 119
9 99 49 103
9 97 34 57
9 100 31 40
9 97 26 49
9 100 39 57
9 99 55 73
9 101 48 97
9 100 22 57
9 98 30 85
9 100 29 90
9 100 49 58
9 101 24 43
9 101 85 102
9 104 12 37
9 96 59 82
9 104 30 72
9 101 33 83
9 100 21 54
9 100 3 63
9 99 54 109
9 98 6 15
9 98 48 77
9 99 68 90
9 98 62 64
9 104 18 52
9 97 7 74
9 102 47 87
10 98 55 96
10 100 51 65
10 98 82 93
10 102 20 23
10 103 47 68
10 102 1 42
10 101 6 55
10 103 49 97
10 101 9 53
10 99 24 44
10 98 34 43
10 100 30 53
10 103 0 87
10 94 38 89
10 101 9 78
10 97 7 85
10 100 28 58
10 99 19 45
10 98 26 51
10 100 3 16
10 101 20 65
10 102 25 56
10 106 42 58
10 101 70 97
10 99 31 80
10 99 0 44
10 100 43 58
10 97 1 64
10 102 39 69
10 100 29 77
10 100 0 84
10 97 31 78
10 101 1 63
10 98 27 68
10 96 55 63
10 100 52 56
10 100 13 90
10 99 1 64
10 103 59 95
10 100 9 53
10 101 11 34
10 101 29 67
10 99 46 81
10 98 28 65
10 101 81 98
10 99 19 71
10 101 3 36
10 96 23 86
10 101 41 60
10 98 3 38
10 104 48 93
10 98 4 47
10 101 18 62
10 98 52 91
10 100 1 91
10 101 28 69
10 101 41 61
10 97 87 91
11 100 67 92
11 98 49 77
11 103 50 93
11 99 12 45
11 101 34 81
11 104 24 58
11 102 41 85
11 101 1 37
11 98 2 10
11 96 13 77
11 105 6 55
11 97 58 105
11 100 83 105
11 100 40 94
11 103 1 16
11 97 83 91
11 99 41 99
11 99 64 77
11 99 9 33
11 99 31 98
11 98 41 92
11 100 33 54
11 100 25 59
11 100 39 91
11 101 25 54
11 100 39 88
11 99 20 74
11 101 16 68
11 102 4 96
11 100 65 71
11 99 59 70
11 99 17 47
11 96 26 75
11 103 16 30
11 104 4 46
11 101 0 68
11 100 60 94
11 99 34 37
11 98 20 37
11 102 13 55
11 98 16 75
11 99 98 101
11 97 26 88
11 97 36 42
11 100 67 81
11 97 53 95
11 96 9 91
11 99 26 61
11 101 69 92
11 101 39 92
11 100 17 43
11 101 48 59
11 103 74 75
11 101 11 36
12 100 10 46
12 99 3 28
12 100 17 85
12 102 45 106
12 102 44 100
12 103 24 95
12 100 21 96
12 101 15 29
12 99 50 76
12 100 30 105
12 101 43 82
12 101 18 64
12 98 47 106
12 96 1 102
12 96 31 72
12 103 19 61
12 102 13 35
12 97 2 48
12 101 16 69
12 100 19 50
12 104 71 98
12 100 17 97
12 100 7 92
12 102 1 53
12 101 2 21
12 99 93 106
12 99 53 81
12 99 6 72
12 99 38 104
12 99 40 89
12 98 47 62
12 100 8 53
12 100 70 85
12 99 53 72
12 101 35 49
12 101 7 17
12 101 31 77
12 100 37 44
12 101 0 47
12 102 14 83
12 101 14 91
12 98 63 92
12 103 7 86
12 98 0 31
12 99 24 71
12 100 77 97
12 101 77 106
12 97 0 60
12 100 26 41
12 105 76 99
12 103 23 66
12 102 9 76
12 104 13 102
12 102 34 83
12 100 45 54
12 101 65 95
13 101 35 90
13 100 31 104
13 103 15 72
13 101 8 110
13 96 56 79
13 98 33 96
13 100 10 68
13 101 17 54
13 102 72 112
13 103 10 64
13 99 44 57
13 100 3 19
13 102 7 40
13 99 91 99
13 100 103 107
13 101 5 47
13 104 26 116
13 97 22 67
13 100 15 58
13 103 8 23
13 99 22 71
13 98 46 72
13 97 26 114
13 97 19 35
13 102 49 69
13 101 0 4
13 97 7 24
13 100 91 109
13 97 67 113
13 101 59 98
13 99 44 111
13 97 11 96
13 104 53 58
13 99 77 93
13 103 25 51
13 103 20 79
13 100 69 98
13 102 50 90
13 99 26 27
13 99 51 56
13 98 20 102
13 101 43 72
13 101 87 97
13 104 25 98
13 99 70 98
13 95 1 47
13 100 45 104
13 95 54 65
13 98 12 18
13 99 19 73
14 98 66 91
14 101 70 95
14 101 39 53
14 100 48 112
14 99 20 77
14 97 18 36
14 104 109 110
14 100 10 81
14 101 23 35
14 101 37 105
14 101 24 87
14 99 5 38
14 99 44 63
14 98 33 79
14 99 23 85
14 102 80 93
14 100 63 65
14 102 15 59
14 101 17 54
14 101 16 42
14 98 17 36
14 102 44 77
14 95 22 98
14 99 57 99
14 98 86 107
14 97 57 89
14 98 45 68
14 102 31 53
14 100 23 69
14 101 46 91
14 98 3 24
14 101 25 43
14 97 9 40
14 98 28 64
14 99 65 78
14 97 71 75
14 100 9 81
14 103 62 92
14 102 35 44
14 102 49 72
14 103 52 71
14 99 46 102
14 100 10 18
14 102 18 40
14 100 49 87
14 99 84 102
14 104 71 74
14 97 22 36
14 101 16 92
14 101 8 67
14 101 36 96
14 98 18 43
14 97 67 87
14 101 30 71
14 103 1 9
14 101 87 92
15 101 36 68
15 100 63 66
15 100 56 58
15 100 24 60
15 98 40 54
15 100 27 59
15 98 81 98
15 102 65 97
15 100 73 99
15 100 43 51
15 103 61 100
15 101 35 64
15 99 37 98
15 101 30 66
15 101 87 99
15 100 46 93
15 101 20 50
15 99 3 59
15 100 23 99
15 97 30 86
15 98 15 59
15 100 23 98
15 100 39 60
15 99 12 56
15 99 76 97
15 101 17 76
15 100 37 67
15 99 12 94
15 101 41 80
15 104 65 87
15 100 1 17
15 98 10 59
15 100 57 87
15 102 23 90
15 97 57 95
15 100 23 64
15 100 24 34
15 100 21 34
15 103 16 48
15 99 25 70
15 99 0 27
15 98 42 62
15 98 38 70
15 100 51 95
15 101 20 68
15 100 54 99
15 102 50 80
15 104 4 89
15 98 34 67
15 104 10 77
16 99 18 22
16 103 52 60
16 101 42 100
16 99 22 54
16 104 58 69
16 99 76 86
16 98 43 80
16 102 14 67
16 99 0 89
16 99 43 75
16 100 68 91
16 102 69 83
16 106 37 62
16 101 30 96
16 102 35 96
16 101 28 86
16 101 68 104
16 98 26 74
16 98 14 60
16 96 4 36
16 101 55 100
16 100 78 88
16 97 25 38
16 101 1 57
16 101 58 69
16 98 8 102
16 99 32 91
16 102 13 61
16 105 68 105
16 98 53 67
16 99 49 82
16 103 39 40
16 101 76 91
16 101 78 95
16 98 2 92
16 99 35 93
16 99 37 103
16 98 46 82
16 95 68 82
16 98 1 38
16 101 39 64
16 103 7 21
16 103 69 101
16 100 18 88
16 103 3 103
16 96 46 70
16 103 19 59
16 99 58 100
16 98 20 74
16 100 5 13
16 102 82 96
16 99 31 90
16 97 14 43
16 98 7 65
17 102 27 59
17 98 69 89
17 101 45 52
17 97 14 22
17 100 2 61
17 100 0 35
17 102 47 65
17 102 35 60
17 103 33 84
17 97 9 70
17 98 14 39
17 102 59 86
17 99 14 40
17 100 0 83
17 100 55 98
17 96 21 90
17 101 33 68
17 100 54 79
17 98 25 42
17 101 47 99
17 101 37 78
17 101 11 71
17 100 73 90
17 98 28 72
17 102 17 63
17 99 28 60
17 101 58 96
17 101 42 64
17 96 96 104
17 97 0 53
17 99 33 95
17 97 18 61
17 103 2 65
17 102 3 27
17 104 45 68
17 101 89 102
17 97 68 76
17 101 10 104
17 103 2 30
17 98 3 64
17 100 22 26
17 100 1 95
17 98 14 62
17 101 24 55
18 100 12 34
18 100 35 54
18 98 55 67
18 99 9 82
18 99 3 44
18 98 34 63
18 101 82 98
18 98 57 102
18 101 13 71
18 99 40 67
18 102 37 50
18 100 21 100
18 102 28 40
18 101 28 44
18 100 73 89
18 99 33 93
18 102 66 94
18 100 30 102
18 100 30 94
18 100 15 76
18 99 44 70
18 100 24 50
18 101 63 80
18 99 39 41
18 99 39 74
18 98 10 34
18 96 14 58
18 99 3 74
18 97 35 67
18 101 42 99
18 103 72 93
18 104 42 91
18 100 28 67
18 99 19 100
18 98 12 69
18 101 18 56
18 102 3 56
18 100 28 66
18 104 38 82
18 100 38 56
18 100 88 102
18 99 29 74
18 99 37 80
18 101 12 90
18 99 30 91
18 103 59 73
18 100 7 39
18 103 74 100
18 101 2 93
18 100 34 59
18 101 43 56
18 97 5 29
18 101 68 69
18 100 22 85
18 97 9 38
19 103 46 83
19 100 28 52
19 97 3 85
19 100 4 22
19 101 32 78
19 99 7 22
19 99 2 18
19 97 84 88
19 102 10 62
19 97 70 71
19 99 54 61
19 97 23 88
19 98 2 62
19 99 8 44
19 99 38 86
19 105 3 41
19 102 36 64
19 98 2 17
19 101 29 69
19 104 36 53
19 99 18 44
19 99 28 80
19 97 43 82
19 99 25 81
19 99 58 59
19 100 27 77
19 97 32 70
19 97 9 73
19 104 29 45
19 103 29 81
19 99 6 66
19 102 20 57
19 100 27 75
19 96 29 87
19 101 18 82
19 99 2 39
19 98 7 74
19 97 10 30
19 96 4 35
19 99 43 55
19 101 21 74
19 101 32 70
19 99 51 84
19 98 2 74
19 95 31 71
19 102 31 86
19 95 31 60
19 103 42 87
19 99 51 75
20 100 21 41
20 99 47 96
20 100 14 52
20 97 49 85
20 99 22 78
20 100 42 93
20 99 12 82
20 100 47 51
20 103 24 43
20 102 83 98
20 101 33 70
20 102 12 85
20 101 29 39
20 99 27 76
20 102 24 27
20 100 49 58
20 102 22 45
20 101 30 83
20 103 23 78
20 102 62 82
20 99 44 88
20 103 73 88
20 103 26 73
20 99 61 78
20 98 21 58
20 102 11 50
20 101 18 23
20 97 16 19
20 98 30 43
20 99 35 82
20 98 65 92
20 98 28 58
20 102 0 99
20 99 4 59
20 99 6 47
20 101 0 46
20 99 23 54
20 103 39 86
20 101 3 68
21 99 0 39
21 100 45 65
21 102 11 31
21 100 47 95
21 98 64 88
21 102 37 68
21 99 59 70
21 97 43 85
21 98 27 57
21 102 61 67
21 100 9 45
21 101 27 57
21 103 5 25
21 103 93 96
21 101 17 84
21 101 51 75
21 98 42 97
21 100 11 23
21 100 48 95
21 102 68 99
21 99 39 71
21 101 0 43
21 99 8 95
21 98 2 46
21 102 52 96
21 97 65 98
21 100 14 20
21 102 3 48
21 103 26 63
21 101 28 103
21 100 27 42
21 100 44 55
21 101 77 99
21 102 14 44
21 100 53 76
21 98 2 9
21 100 15 46
21 102 30 61
21 97 4 54
21 101 43 99
21 101 20 33
21 99 15 28
21 97 28 36
21 100 5 94
21 99 63 65
21 99 46 96
21 96 0 56
21 102 4 95
21 98 34 99
21 100 10 30
21 102 79 85
22 102 9 53
22 101 4 34
22 97 16 71
22 101 45 64
22 101 11 63
22 99 52 85
22 101 36 58
22 102 10 56
22 101 65 83
22 98 28 82
22 99 1 84
22 102 36 42
22 99 5 71
22 97 6 55
22 102 3 28
22 98 7 10
22 97 17 67
22 102 5 80
22 98 32 34
22 100 38 70
22 97 33 64
22 101 9 84
22 98 26 76
22 101 30 85
22 99 45 54
22 99 6 11
22 97 33 74
22 99 0 30
22 98 22 73
22 101 10 70
22 101 25 83
22 100 23 60
22 101 26 49
22 100 18 63
22 98 14 62
22 100 40 50
22 103 5 66
22 101 46 55
22 100 5 72
22 98 5 45
22 99 10 81
22 100 54 59
22 100 0 30
22 101 35 60
22 100 16 31
23 101 57 78
23 103 8 83
23 100 46 92
23 103 11 58
23 101 39 88
23 102 23 27
23 104 12 32
23 100 5 33
23 100 13 70
23 98 26 62
23 100 40 56
23 100 0 34
23 97 9 30
23 100 10 38
23 100 70 86
23 100 24 72
23 100 17 34
23 99 6 42
23 102 27 45
23 98 19 66
23 101 14 18
23 97 6 12
23 97 17 81
23 100 74 81
23 101 46 47
23 101 9 57
23 103 23 81
23 102 54 95
23 98 22 74
23 99 58 68
23 100 51 53
23 99 21 79
23 99 57 69
23 100 63 67
23 101 31 53
23 99 6 19
23 101 1 85
23 98 10 60
23 97 24 44
23 99 19 21
23 100 4 39
23 100 2 48
23 97 33 79
23 99 1 41
23 103 25 34
23 97 55 68
23 99 1 26
24 96 23 85
24 100 65 69
24 100 36 74
24 102 39 47
24 99 40 79
24 97 0 45
24 97 18 53
24 102 36 72
24 97 39 84
24 101 68 79
24 98 3 57
24 99 6 82
24 99 49 74
24 103 18 52
24 102 13 19
24 100 2 81
24 98 31 77
24 100 21 40
24 98 23 69
24 100 45 69
24 100 39 46
24 98 21 73
24 101 51 77
24 97 28 67
24 102 42 68
24 99 12 45
24 99 16 82
24 99 25 66
24 99 33 64
24 101 44 64
24 104 53 85
24 99 29 75
24 100 47 80
24 98 32 47
24 99 22 87
24 101 55 82
24 102 27 61
24 100 13 69
24 100 18 52
24 99 38 59
24 98 25 85
24 101 46 80
24 100 13 60
24 103 21 81
24 99 8 81
25 96 82 83
25 100 7 31
25 98 41 67
25 103 80 96
25 99 13 35
25 99 3 94
25 98 49 89
25 101 73 80
25 100 18 31
25 100 16 58
25 98 14 22
25 98 35 83
25 98 62 65
25 101 33 77
25 100 51 74
25 99 3 18
25 100 81 94
25 99 55 89
25 105 9 72
25 100 64 70
25 99 18 37
25 98 6 73
25 99 76 84
25 101 11 88
25 99 1 99
25 102 14 37
25 102 38 95
25 100 18 68
25 100 16 87
25 100 11 19
25 99 17 52
25 102 65 86
25 99 7 25
25 96 37 88
25 96 64 83
25 102 54 86
25 97 63 77
25 102 31 59
25 101 15 61
25 104 5 88
25 97 40 76
25 99 25 85
25 100 6 97
26 102 42 52
26 100 107 114
26 100 82 118
26 100 35 47
26 101 88 106
26 103 2 35
26 100 77 87
26 100 40 94
26 98 30 109
26 102 81 117
26 100 29 93
26 100 53 88
26 100 48 72
26 100 11 114
26 99 26 62
26 96 37 85
26 98 45 116
26 97 9 64
26 99 59 60
26 100 30 50
26 100 62 99
26 99 59 120
26 101 17 27
26 99 54 76
26 105 4 115
26 99 17 91
26 102 31 105
26 101 73 107
26 99 17 25
26 100 5 29
26 103 99 101
26 96 12 16
26 101 38 118
26 100 13 63
26 101 110 120
26 101 52 96
26 99 55 106
26 102 61 63
26 100 5 43
26 97 40 84
26 101 5 51
26 102 23 35
26 100 59 78
26 100 36 97
27 104 4 52
27 103 80 91
27 98 25 84
27 100 6 75
27 100 7 60
27 99 20 62
27 100 36 46
27 102 25 83
27 100 19 58
27 104 4 55
27 97 24 76
27 98 8 30
27 99 27 94
27 104 20 43
27 100 44 67
27 98 11 33
27 100 60 76
27 102 19 86
27 96 32 85
27 99 59 70
27 97 37 89
27 99 0 1
27 101 40 74
27 100 15 26
27 99 68 89
27 102 32 58
27 101 46 90
27 98 39 98
27 102 57 71
27 101 1 19
27 100 22 91
27 100 19 99
27 100 50 65
27 103 41 57
27 101 22 54
27 104 17 60
27 98 4 49
27 101 28 99
27 99 18 90
27 99 30 31
27 100 5 38
27 101 61 89
27 104 24 67
27 100 42 52
27 98 62 74
27 103 23 50
27 99 37 86
27 99 18 69
27 102 60 91
28 99 0 32
28 101 8 24
28 98 9 69
28 102 30 83
28 97 0 80
28 101 19 21
28 98 22 46
28 97 65 84
28 97 41 85
28 100 4 49
28 104 23 74
28 98 24 50
28 101 22 42
28 102 15 59
28 100 23 91
28 99 49 61
28 104 29 62
28 99 11 21
28 101 12 50
28 100 15 87
28 99 9 36
28 99 35 73
28 99 20 26
28 101 9 75
28 102 11 78
28 103 38 91
28 101 16 67
28 102 30 49
28 103 45 89
28 101 0 57
28 99 71 83
28 101 46 89
28 100 11 63
28 102 38 81
28 97 63 76
28 97 33 78
28 100 61 85
28 103 12 69
28 102 33 69
28 101 5 69
28 101 64 74
28 98 19 53
28 100 11 77
28 98 43 86
28 101 29 58
28 101 1 71
28 103 42 59
28 99 36 89
28 97 14 43
28 96 28 62
28 99 13 61
28 103 60 69
28 100 20 67
28 99 50 67
28 102 40 61
28 101 17 90
28 99 18 91
29 102 40 77
29 100 31 85
29 102 51 84
29 101 8 40
29 102 1 75
29 98 39 42
29 100 16 41
29 102 18 70
29 98 16 74
29 99 2 39
29 101 1 45
29 101 34 70
29 99 11 72
29 100 38 80
29 98 30 47
29 104 19 77
29 102 3 43
29 100 8 32
29 100 1 10
29 99 28 70
29 101 20 26
29 97 14 38
29 100 71 81
29 103 33 76
29 99 25 38
29 101 54 85
29 101 1 37
29 103 8 55
29 98 12 41
29 98 1 21
29 100 27 78
29 98 27 52
29 101 46 75
29 98 17 52
29 99 4 52
29 99 0 76
29 100 6 52
29 102 50 78
29 98 20 39
29 98 17 83
29 102 2 72
30 95 18 57
30 97 82 94
30 97 39 93
30 100 37 70
30 103 63 84
30 97 21 51
30 100 67 76
30 100 15 21
30 101 47 77
30 100 33 99
30 100 29 50
30 103 5 70
30 100 46 64
30 100 25 47
30 104 61 66
30 100 43 95
30 100 18 23
30 102 3 33
30 100 19 81
30 101 9 101
30 98 9 35
30 99 55 101
30 98 31 41
30 98 32 56
30 96 14 59
30 98 22 67
30 104 58 95
30 100 67 69
30 100 51 58
30 99 16 58
30 101 58 97
30 98 30 82
30 102 47 59
30 98 61 99
30 100 29 56
30 100 38 47
30 100 50 80
30 100 50 90
30 101 1 101
30 96 1 72
30 101 5 41
30 101 18 56
30 98 43 71
30 98 7 11
31 101 23 79
31 100 14 94
31 100 2 8
31 97 67 105
31 101 37 66
31 101 11 52
31 98 33 80
31 102 1 42
31 101 68 88
31 101 34 88
31 102 17 30
31 103 31 71
31 101 3 66
31 102 68 98
31 100 0 17
31 103 2 56
31 100 63 77
31 99 24 91
31 104 50 84
31 99 22 54
31 102 0 43
31 99 61 80
31 99 13 32
31 100 52 84
31 100 9 89
31 103 47 92
31 102 14 23
31 102 57 106
31 105 59 107
31 100 63 86
31 101 16 28
31 103 50 74
31 100 75 94
31 100 45 103
31 101 59 87
31 100 50 92
31 98 62 78
31 95 8 85
31 101 50 82
31 99 2 40
31 100 49 79
31 98 17 107
31 98 29 36
31 100 37 56
31 102 29 108
31 102 4 60
31 103 0 79
31 101 44 71
31 103 22 49
31 102 2 31
31 102 23 41
31 99 55 111
31 100 13 83
31 100 86 89
31 100 31 57
31 97 61 104
32 96 56 79
32 100 37 56
32 101 0 45
32 99 10 76
32 95 30 96
32 101 52 72
32 98 6 8
32 104 11 49
32 101 16 46
32 103 30 77
32 103 15 61
32 102 65 94
32 99 3 14
32 101 30 43
32 99 0 49
32 99 34 99
32 103 9 14
32 102 41 49
32 100 18 47
32 102 52 79
32 102 12 90
32 100 32 46
32 97 13 62
32 99 59 70
32 101 22 47
32 99 36 55
32 97 7 62
32 98 26 77
32 100 43 44
32 100 35 76
32 100 36 80
32 99 69 82
32 100 12 65
32 98 38 89
32 100 12 76
32 100 0 20
32 99 53 79
32 98 24 100
32 100 12 33
32 99 29 79
32 102 45 86
32 100 38 63
32 102 29 64
32 101 64 77
32 100 40 99
32 98 9 57
32 95 51 86
33 99 18 59
33 99 11 14
33 99 42 86
33 101 11 47
33 101 21 79
33 100 78 86
33 100 46 97
33 100 41 82
33 98 66 75
33 98 38 83
33 96 15 83
33 101 21 53
33 99 24 45
33 99 42 77
33 100 8 63
33 102 3 12
33 102 9 89
33 99 26 33
33 100 15 20
33 103 27 75
33 103 49 94
33 101 45 62
33 103 36 77
33 100 22 75
33 100 0 81
33 99 18 72
33 103 50 59
33 99 18 60
33 102 31 92
33 96 24 39
33 102 48 61
33 102 36 49
33 102 53 96
33 103 6 29
33 98 48 56
33 100 52 79
33 97 19 80
33 101 74 98
33 102 29 57
33 97 35 66
33 100 26 89
33 97 53 84
33 103 40 49
33 101 51 95
33 98 16 70
33 102 6 51
33 105 9 91
33 100 21 73
33 100 65 93
33 99 41 90
33 99 50 73
33 103 18 32
33 97 24 64
33 101 27 81
34 98 24 55
34 98 63 74
34 101 43 77
34 101 30 75
34 99 5 92
34 98 26 44
34 100 9 39
34 98 67 72
34 99 30 75
34 99 3 59
34 98 51 76
34 103 2 71
34 102 27 59
34 102 33 91
34 101 58 64
34 100 31 53
34 101 26 92
34 102 21 30
34 103 45 81
34 100 20 52
34 101 47 74
34 99 4 36
34 104 63 91
34 97 21 79
34 102 1 42
34 99 27 71
34 99 34 57
34 100 18 44
34 105 29 50
34 99 45 73
34 97 6 80
34 99 50 81
34 102 21 72
34 98 37 62
34 96 16 80
34 102 55 70
34 101 24 65
34 99 14 90
34 99 19 35
34 101 22 62
34 99 23 71
34 97 9 45
34 103 50 90
34 100 13 47
34 98 22 37
34 98 3 58
34 103 27 42
34 101 78 95
34 96 17 27
34 98 13 40
34 99 24 88
34 102 1 52
34 99 16 33
34 100 41 79
34 100 31 61
35 103 12 37
35 96 49 54
35 97 11 68
35 100 28 98
35 102 71 97
35 100 20 82
35 98 23 52
35 100 28 69
35 100 27 83
35 105 22 84
35 101 26 55
35 100 6 46
35 101 13 21
35 96 19 20
35 99 22 39
35 99 45 78
35 102 69 86
35 104 6 91
35 100 10 46
35 98 5 56
35 100 45 64
35 100 36 63
35 97 72 99
35 102 5 53
35 99 42 45
35 100 36 95
35 99 18 84
35 98 12 52
35 101 27 65
35 99 28 83
35 100 0 33
35 100 65 80
35 97 37 76
35 101 46 91
35 100 8 84
35 102 67 98
35 99 1 29
35 100 34 44
35 102 38 46
35 102 1 10
35 102 49 97
35 100 28 50
35 103 22 35
35 97 6 13
35 100 55 98
35 102 50 67
35 98 20 67
35 99 13 64
36 99 21 43
36 101 63 80
36 100 18 52
36 100 13 41
36 99 3 41
36 100 37 83
36 101 50 86
36 100 41 58
36 100 29 62
36 100 31 67
36 96 3 59
36 96 11 53
36 103 5 33
36 101 43 76
36 101 25 81
36 99 33 80
36 97 0 65
36 99 22 37
36 102 42 62
36 103 4 83
36 100 8 73
36 98 24 44
36 98 32 79
36 102 22 61
36 97 6 78
36 100 57 77
36 100 48 83
36 98 18 66
36 102 48 85
36 101 24 52
36 99 51 77
36 101 3 65
36 102 6 31
36 100 16 21
36 99 62 83
36 99 3 64
36 101 70 76
36 98 36 64
36 99 20 77
36 98 1 19
36 98 25 77
36 97 63 79
36 99 13 64
36 99 17 34
36 100 49 86
36 102 2 44
36 105 0 88
36 99 45 47
36 102 18 22
36 102 8 77
36 105 10 82
36 100 12 63
37 99 58 84
37 99 83 88
37 103 15 16
37 102 23 70
37 100 37 57
37 99 32 99
37 101 23 83
37 98 48 75
37 102 6 38
37 103 11 76
37 100 16 25
37 98 12 26
37 97 80 85
37 100 6 83
37 97 12 54
37 104 79 104
37 99 11 56
37 99 47 92
37 98 31 52
37 101 90 95
37 102 47 100
37 101 24 58
37 100 50 85
37 102 86 97
37 99 25 52
37 99 33 71
37 100 37 98
37 101 2 42
37 100 41 68
37 101 22 68
37 102 7 58
37 99 50 85
37 102 11 78
37 98 39 83
37 97 54 88
37 105 70 83
37 101 10 49
37 99 16 58
37 100 19 99
37 96 4 10
37 99 78 99
37 100 7 29
37 101 38 49
37 103 26 91
37 98 28 87
37 102 25 80
38 99 3 90
38 97 12 27
38 100 2 41
38 100 2 6
38 100 29 57
38 99 3 92
38 102 65 82
38 99 43 104
38 101 48 87
38 103 51 95
38 102 47 76
38 104 95 106
38 99 3 81
38 100 26 64
38 97 0 2
38 100 52 83
38 99 30 102
38 101 23 50
38 102 10 61
38 101 28 46
38 102 92 96
38 100 11 102
38 100 35 85
38 100 48 86
38 99 46 90
38 100 1 79
38 96 3 84
38 99 44 76
38 99 31 56
38 98 51 85
38 100 84 104
38 99 40 83
38 97 20 50
38 101 46 108
38 100 11 30
38 99 22 59
38 102 15 76
38 99 39 53
38 101 24 47
38 103 102 108
38 101 12 58
38 98 41 58
38 102 4 18
38 100 26 77
38 97 3 57
38 101 10 82
38 100 18 72
38 99 54 74
38 99 55 102
38 99 21 23
38 103 79 104
38 102 0 31
38 101 10 21
38 98 33 74
38 100 4 66
39 99 66 106
39 100 24 76
39 101 85 98
39 100 49 88
39 97 0 96
39 100 60 71
39 102 54 114
39 100 61 88
39 102 21 60
39 100 1 19
39 102 43 108
39 103 20 37
39 98 7 28
39 102 54 105
39 102 80 121
39 104 41 86
39 101 50 99
39 100 88 93
39 102 52 98
39 100 61 97
39 99 46 73
39 101 17 54
39 98 62 108
39 98 39 67
39 100 37 102
39 98 91 116
39 97 7 107
39 101 28 63
39 97 93 95
39 102 4 49
39 100 98 99
39 99 49 70
39 101 0 92
39 101 89 100
39 100 36 51
39 103 34 77
39 100 6 30
39 103 93 103
39 97 82 83
39 105 37 82
39 100 101 116
39 99 1 57
40 102 56 74
40 101 32 103
40 97 61 65
40 101 50 72
40 104 38 77
40 98 55 80
40 103 18 65
40 97 31 77
40 100 12 43
40 100 37 93
40 98 49 90
40 102 32 46
40 102 7 61
40 98 39 102
40 100 74 103
40 98 40 65
40 105 32 104
40 96 72 77
40 98 45 66
40 100 43 95
40 99 41 97
40 96 1 91
40 102 37 75
40 101 19 67
40 100 6 70
40 101 66 96
40 101 25 59
40 97 36 72
40 100 22 88
40 101 69 93
40 102 0 102
40 103 39 46
40 97 43 87
40 101 23 46
40 103 38 98
41 101 24 80
41 100 31 72
41 103 58 98
41 102 28 64
41 98 55 73
41 100 23 35
41 101 7 36
41 99 49 65
41 104 38 94
41 101 33 66
41 103 25 67
41 101 56 94
41 102 44 90
41 101 28 77
41 97 10 23
41 100 11 73
41 102 84 89
41 99 0 98
41 100 18 48
41 101 31 91
41 98 2 78
41 102 56 75
41 105 84 94
41 99 39 65
41 95 54 93
41 101 31 78
41 103 14 30
41 101 3 22
41 104 22 66
41 99 45 95
41 100 6 49
41 99 67 80
41 104 60 74
41 97 53 75
41 99 43 77
41 102 11 63
41 101 22 63
41 104 26 77
41 98 28 31
41 101 6 90
41 98 96 98
41 97 69 93
41 101 27 67
41 101 36 69
41 99 38 70
42 103 22 33
42 100 3 85
42 96 30 94
42 97 40 84
42 103 48 55
42 102 28 31
42 101 58 89
42 98 56 70
42 99 41 87
42 100 4 30
42 100 1 57
42 101 7 21
42 99 35 62
42 100 77 105
42 101 34 57
42 101 13 40
42 100 25 66
42 100 27 80
42 99 73 100
42 99 10 78
42 104 37 55
42 97 41 77
42 100 20 95
42 104 80 92
42 100 9 97
42 100 9 78
42 99 43 78
42 100 21 24
42 96 83 103
42 100 56 73
42 102 64 107
42 101 8 73
42 99 58 100
42 99 20 52
42 100 62 65
42 99 11 93
42 98 8 52
42 103 3 15
42 103 36 87
42 96 26 53
42 101 83 107
42 94 18 88
42 101 16 37
42 98 71 104
43 99 7 89
43 100 7 19
43 101 47 81
43 101 11 45
43 99 47 86
43 100 52 85
43 100 39 68
43 97 0 81
43 100 25 31
43 100 34 87
43 102 12 36
43 99 27 33
43 98 20 70
43 100 26 90
43 101 49 72
43 97 46 82
43 99 49 88
43 104 40 76
43 104 77 88
43 98 12 35
43 98 37 48
43 100 60 72
43 98 89 91
43 101 25 44
43 102 15 64
43 100 39 71
43 102 21 79
43 102 6 80
43 99 20 57
43 103 24 66
43 104 10 60
43 101 21 31
43 103 43 86
43 98 84 86
43 100 17 68
43 99 72 86
43 100 71 76
43 102 20 56
43 103 47 84
43 98 8 72
43 105 5 91
43 103 2 77
43 100 17 84
43 98 7 73
43 99 27 40
43 99 8 19
43 98 39 48
43 102 28 77
43 101 8 64
43 98 39 73
43 99 20 87
43 102 2 27
43 99 2 45
43 102 9 54
43 97 21 77
43 96 35 73
43 102 11 78
43 99 67 92
43 98 67 77
44 102 24 109
44 102 49 93
44 100 12 32
44 102 27 41
44 100 22 41
44 98 72 99
44 101 33 110
44 99 13 24
44 101 26 37
44 98 32 92
44 98 11 110
44 100 17 107
44 100 32 87
44 101 13 108
44 102 25 66
44 101 82 104
44 98 25 76
44 101 66 73
44 100 79 94
44 103 20 97
44 102 67 92
44 100 98 108
44 104 6 45
44 102 48 74
44 98 29 87
44 105 23 71
44 97 38 94
44 99 30 94
44 102 19 58
44 101 9 57
44 100 35 37
44 103 24 93
44 100 46 95
44 100 33 51
44 101 55 86
44 101 1 43
44 101 16 89
44 99 33 49
44 101 16 109
44 101 76 86
44 100 54 103
44 97 11 32
44 99 72 91
44 102 39 88
44 102 1 50
44 100 12 16
44 101 38 87
44 100 43 98
44 100 9 103
44 99 28 77
44 99 69 91
45 103 2 95
45 97 13 28
45 100 23 74
45 100 1 36
45 99 31 73
45 99 35 97
45 99 14 38
45 96 0 35
45 101 22 54
45 100 48 71
45 99 5 80
45 101 7 39
45 100 64 86
45 100 36 77
45 103 40 84
45 101 39 95
45 100 4 66
45 103 39 41
45 97 8 60
45 95 35 97
45 101 30 40
45 99 35 69
45 98 74 97
45 105 34 87
45 100 7 38
45 103 67 86
45 100 2 78
45 100 3 22
45 101 72 84
45 97 50 81
45 101 16 51
45 103 77 93
45 99 4 10
45 101 35 71
45 97 3 76
45 101 69 89
45 98 28 52
45 100 48 85
45 102 33 68
45 97 11 76
45 104 17 32
45 101 62 88
45 100 26 41
45 101 66 94
45 101 48 49
45 98 25 86
45 100 13 87
45 102 42 76
45 101 6 58
45 99 73 84
45 102 59 97
45 101 7 21
45 97 11 58
45 101 43 78
45 94 59 85
45 98 27 84
45 100 73 80
45 98 16 66
46 100 47 84
46 99 15 90
46 102 10 49
46 97 1 3
46 100 5 50
46 100 11 42
46 100 13 67
46 104 11 60
46 103 12 83
46 99 31 62
46 99 4 60
46 100 2 8
46 101 81 84
46 98 52 76
46 101 38 92
46 103 47 68
46 102 6 92
46 97 0 93
46 101 23 55
46 103 16 44
46 98 80 89
46 100 4 63
46 102 81 85
46 100 4 34
46 99 49 77
46 98 32 42
46 98 28 74
46 96 30 36
46 99 1 36
46 103 54 91
46 104 8 15
46 99 16 61
46 101 34 89
46 101 1 14
46 102 4 72
46 103 53 84
46 99 59 76
46 102 29 35
46 100 4 45
46 100 53 58
46 102 14 15
46 96 69 77
46 99 12 61
46 104 1 34
46 98 10 55
46 102 70 73
46 95 8 31
46 99 7 25
46 99 34 72
46 101 36 57
46 100 14 46
46 100 11 32
46 100 16 83
47 100 37 59
47 96 17 49
47 102 25 84
47 97 55 86
47 101 47 62
47 99 49 52
47 103 36 78
47 96 29 47
47 97 45 91
47 98 38 41
47 100 15 53
47 100 48 74
47 99 19 74
47 97 44 61
47 103 2 58
47 102 1 27
47 100 20 28
47 96 57 94
47 101 14 40
47 101 8 19
47 102 36 80
47 101 9 33
47 101 21 86
47 103 1 51
47 99 39 73
47 105 13 74
47 100 36 92
47 97 6 28
47 98 27 55
47 101 20 70
47 101 56 90
47 100 45 66
47 100 23 42
47 102 57 71
47 100 28 42
47 100 18 56
47 100 20 58
47 101 35 65
47 100 9 50
47 100 5 90
47 103 21 42
47 101 49 89
47 105 48 80
47 102 12 80
47 103 12 41
47 98 10 26
48 100 41 93
48 97 2 16
48 100 31 53
48 98 54 63
48 100 15 77
48 98 35 88
48 99 55 62
48 98 65 93
48 102 14 86
48 103 7 88
48 96 14 57
48 99 50 93
48 101 4 74
48 98 18 79
48 102 31 57
48 102 59 80
48 102 20 42
48 101 38 44
48 103 21 48
48 99 34 54
48 102 60 86
48 101 25 31
48 102 28 74
48 99 11 96
48 100 67 81
48 98 50 88
48 101 53 55
48 100 4 49
48 102 1 71
48 95 8 42
48 102 4 87
48 98 80 81
48 103 30 83
48 99 47 94
48 99 41 66
48 99 3 44
48 99 38 64
48 98 59 93
48 99 1 65
48 105 53 92
48 103 45 54
48 97 13 86
48 98 34 73
48 98 15 52
48 101 41 49
48 97 12 33
48 101 2 62
48 102 6 42
48 98 6 72
48 103 25 68
48 103 25 72
48 102 64 82
49 101 25 36
49 99 36 78
49 99 22 70
49 99 6 69
49 99 7 72
49 102 21 66
49 100 18 97
49 101 26 56
49 102 37 93
49 98 12 18
49 101 42 59
49 99 44 49
49 100 41 84
49 98 1 78
49 96 9 94
49 100 85 91
49 99 73 75
49 100 2 98
49 103 29 77
49 96 22 79
49 102 37 89
49 99 1 56
49 100 76 93
49 100 33 43
49 98 36 77
49 100 70 76
49 104 30 88
49 103 61 71
49 102 55 93
49 99 2 22
49 101 52 63
49 103 21 26
49 100 7 48
49 95 34 97
49 103 48 69
49 99 61 91
49 100 29 54
49 99 5 54
49 101 24 61
49 98 7 86
49 96 41 94
49 97 21 41
49 98 41 64
49 99 7 45
49 102 16 58
49 99 10 87
49 103 72 82
49 103 7 51
49 98 23 35
49 99 20 74
50 102 54 75
50 97 73 79
50 100 19 105
50 101 57 100
50 99 80 90
50 94 30 97
50 101 48 80
50 98 92 99
50 97 14 91
50 104 40 71
50 102 29 44
50 99 27 51
50 97 23 53
50 100 31 45
50 101 32 62
50 102 17 44
50 103 52 75
50 102 23 26
50 103 47 79
50 102 65 108
50 100 57 61
50 97 28 80
50 99 5 99
50 97 78 103
50 102 71 100
50 99 49 78
50 97 15 64
50 99 36 56
50 101 48 93
50 102 67 107
50 102 45 97
50 99 11 64
50 100 7 66
50 102 31 43
50 97 78 81
50 99 35 99
50 99 68 100
50 94 28 97
50 100 9 34
50 100 25 82
50 105 40 78
50 96 54 84
50 98 48 81
50 99 21 66
50 101 73 95
51 100 23 29
51 104 14 79
51 98 9 13
51 100 47 93
51 99 20 63
51 99 52 69
51 101 30 45
51 101 12 78
51 103 31 60
51 100 49 68
51 97 5 88
51 104 66 104
51 97 30 84
51 99 38 44
51 102 43 92
51 99 36 66
51 102 36 47
51 100 38 54
51 101 1 48
51 100 24 61
51 102 0 104
51 101 0 97
51 100 38 43
51 101 35 64
51 99 60 69
51 99 77 91
51 100 45 97
51 98 40 85
51 100 32 82
51 104 9 39
51 99 24 47
51 104 1 3
51 101 43 82
51 100 6 40
51 101 41 76
51 100 2 36
51 99 5 27
51 96 66 98
51 99 51 96
51 99 40 79
51 100 10 49
52 97 68 109
52 104 9 37
52 99 40 108
52 99 66 99
52 97 34 91
52 102 71 98
52 99 7 18
52 98 11 107
52 100 52 85
52 101 20 50
52 100 8 88
52 99 66 72
52 104 35 92
52 99 24 69
52 100 2 65
52 100 81 100
52 100 70 107
52 98 26 102
52 101 34 41
52 101 41 72
52 96 24 82
52 103 9 57
52 99 71 108
52 103 34 83
52 97 92 106
52 97 21 82
52 101 3 89
52 101 26 59
52 98 53 108
52 100 49 75
52 103 14 78
52 99 0 29
52 101 51 84
52 99 50 99
52 103 23 100
52 100 25 89
52 100 51 94
52 100 74 87
52 101 2 81
52 103 56 97
52 100 16 82
52 101 75 103
52 102 62 95
52 101 56 73
52 99 86 91
53 102 28 84
53 100 17 100
53 100 52 98
53 98 70 85
53 103 24 70
53 100 21 66
53 100 41 59
53 99 38 77
53 99 66 93
53 99 97 106
53 101 46 62
53 101 2 22
53 101 71 79
53 101 72 89
53 103 2 64
53 101 14 27
53 98 37 75
53 102 21 91
53 99 0 49
53 101 47 84
53 100 29 52
53 97 29 99
53 99 20 57
53 97 64 83
53 100 72 86
53 101 44 71
53 98 78 100
53 101 88 104
53 98 39 49
53 99 31 90
53 98 40 58
53 100 48 102
53 98 64 104
53 99 2 57
53 97 29 92
53 100 91 103
53 100 0 71
53 97 0 107
53 103 3 101
53 100 32 34
53 100 51 101
53 97 62 106
53 100 75 97
54 103 8 50
54 99 35 49
54 100 2 21
54 100 16 22
54 102 42 76
54 96 39 90
54 99 16 86
54 100 16 37
54 100 23 83
54 96 27 75
54 104 16 69
54 100 20 46
54 99 16 50
54 101 34 96
54 103 82 84
54 99 41 53
54 100 13 58
54 102 22 90
54 100 32 84
54 98 41 43
54 99 37 76
54 98 45 100
54 101 76 90
54 103 69 72
54 101 4 43
54 97 82 99
54 100 23 29
54 101 70 78
54 100 36 62
54 98 31 62
54 104 32 48
54 103 88 102
54 102 16 54
54 100 20 39
54 95 81 96
54 103 3 31
54 104 24 76
54 101 39 57
54 99 42 46
54 99 9 37
54 100 37 76
54 102 12 29
54 102 27 74
54 101 46 95
54 101 24 55
54 101 1 91
54 101 1 54
54 100 21 24
54 101 71 97
54 96 33 52
54 101 78 93
55 100 24 70
55 102 15 69
55 99 42 60
55 99 37 82
55 103 48 77
55 102 17 85
55 101 43 82
55 98 17 60
55 99 4 70
55 101 19 87
55 99 20 71
55 99 26 73
55 103 12 61
55 99 42 85
55 100 37 66
55 99 24 88
55 101 52 67
55 101 12 62
55 97 14 44
55 96 9 21
55 104 40 68
55 99 28 80
55 102 21 78
55 100 4 19
55 101 62 81
55 102 75 79
55 102 15 65
55 102 9 35
55 99 1 56
55 100 36 62
55 100 51 62
55 99 57 72
55 99 16 18
55 99 1 14
55 101 65 80
55 103 0 22
55 98 35 82
55 101 3 46
55 101 22 47
55 98 61 84
55 99 21 77
55 99 26 49
55 100 63 73
55 102 66 83
55 99 14 71
56 97 60 61
56 102 49 74
56 102 46 66
56 101 44 88
56 98 2 65
56 100 33 74
56 103 5 36
56 99 6 84
56 102 11 40
56 99 45 91
56 101 55 85
56 100 2 70
56 99 38 59
56 98 1 10
56 99 32 62
56 98 32 58
56 103 41 51
56 102 51 78
56 103 67 68
56 99 50 77
56 100 5 87
56 100 32 64
56 100 38 74
56 97 35 86
56 99 21 54
56 105 0 10
56 97 49 76
56 98 9 70
56 99 18 26
56 99 0 41
56 98 44 91
56 100 22 55
56 102 11 58
56 101 3 38
56 98 28 58
56 103 10 22
56 101 16 58
56 101 60 82
56 102 44 60
56 101 6 14
56 102 20 42
56 100 11 43
56 100 68 84
56 101 3 77
56 101 48 74
56 96 7 47
56 100 17 30
56 100 34 92
56 98 37 54
56 103 65 88
56 101 15 18
56 100 45 91
56 101 54 66
57 96 68 85
57 98 12 17
57 101 39 88
57 100 26 78
57 103 12 34
57 97 5 29
57 102 18 67
57 104 53 71
57 99 52 89
57 97 2 19
57 99 31 62
57 97 0 65
57 103 36 45
57 103 37 71
57 100 1 87
57 104 47 51
57 101 13 90
57 100 40 68
57 101 3 81
57 101 32 84
57 101 85 89
57 98 3 48
57 100 15 54
57 103 42 90
57 100 7 29
57 100 34 83
57 101 28 60
57 104 23 80
57 102 15 31
57 99 49 54
57 100 32 55
57 99 20 35
57 102 19 81
57 102 8 54
57 101 74 89
57 100 21 67
57 99 38 86
57 101 7 90
57 100 20 53
57 100 12 90
57 104 80 82
57 100 31 69
57 102 12 60
57 99 14 59
57 101 1 55
57 100 4 78
57 100 30 75
58 101 46 82
58 97 14 45
58 105 28 51
58 102 72 78
58 101 19 36
58 100 14 79
58 100 2 55
58 102 12 73
58 102 42 78
58 101 36 69
58 99 30 82
58 99 19 63
58 102 2 83
58 101 74 78
58 96 33 37
58 101 8 48
58 101 24 85
58 100 60 78
58 101 6 42
58 103 7 72
58 103 58 67
58 101 58 59
58 104 11 64
58 99 20 68
58 99 20 75
58 100 29 65
58 103 22 23
58 99 8 60
58 98 52 65
58 100 54 77
58 104 1 15
58 99 18 31
58 100 0 17
58 98 24 41
58 95 11 55
58 102 14 32
58 98 19 36
58 102 3 77
58 99 5 57
58 99 35 51
58 100 26 66
58 98 23 37
58 96 36 64
58 99 24 70
58 99 65 76
59 101 12 41
59 101 16 55
59 101 49 84
59 99 66 93
59 99 19 53
59 98 64 89
59 102 32 35
59 101 3 74
59 98 23 24
59 100 3 44
59 103 33 42
59 101 22 91
59 102 27 39
59 99 53 82
59 104 38 64
59 100 9 13
59 99 21 48
59 102 34 81
59 99 27 54
59 100 38 70
59 98 62 98
59 100 25 73
59 100 28 35
59 101 17 39
59 101 10 83
59 98 21 39
59 98 93 97
59 99 19 57
59 102 22 96
59 101 13 97
59 97 5 31
59 98 38 77
59 98 61 91
59 97 28 79
59 97 61 89
59 103 62 77
59 102 3 26
59 99 50 57
59 101 49 70
59 100 10 64
59 101 44 93
59 106 12 40
59 103 14 29
59 98 43 60
59 101 33 71
59 101 30 94
59 103 36 58
59 103 11 27
59 97 7 40
59 101 24 77
60 97 32 67
60 102 20 55
60 98 52 68
60 101 4 65
60 101 58 86
60 103 58 90
60 97 18 79
60 100 32 77
60 102 9 74
60 100 8 47
60 104 4 32
60 99 60 83
60 99 3 75
60 101 5 80
60 101 50 52
60 102 2 87
60 100 51 73
60 101 9 62
60 103 60 81
60 104 7 97
60 103 40 80
60 103 16 69
60 100 32 78
60 97 44 71
60 101 40 58
60 101 8 23
60 99 1 18
60 103 0 52
60 100 9 55
60 100 4 71
60 96 10 58
60 98 43 88
60 97 76 86
60 98 2 36
60 104 7 101
60 98 47 62
60 95 73 95
60 99 60 62
60 104 31 52
60 97 27 69
60 96 2 97
60 101 80 84
60 101 47 73
60 100 38 77
60 100 39 46
60 101 43 46
60 100 17 99
60 101 40 81
60 101 21 50
60 98 1 56
60 97 7 98
60 99 32 55
60 103 16 67
60 101 9 81
60 100 34 100
60 100 23 57
60 100 72 88
60 103 67 97
60 97 63 99
60 99 30 56
60 102 38 66
60 96 40 66
61 103 14 69
61 100 32 76
61 100 37 89
61 101 10 45
61 104 51 105
61 102 53 79
61 102 44 99
61 100 63 86
61 100 33 74
61 99 76 96
61 103 15 41
61 96 29 97
61 97 52 67
61 101 10 83
61 98 33 83
61 100 59 109
61 100 8 106
61 100 3 59
61 97 2 77
61 101 61 106
61 97 78 106
61 101 28 59
61 99 14 35
61 99 2 64
61 98 33 34
61 99 38 67
61 101 40 55
61 101 83 94
61 97 61 105
61 97 21 76
61 99 45 83
61 98 16 74
61 96 71 90
61 96 18 63
61 102 21 73
61 102 14 82
61 102 56 95
61 100 1 48
61 99 34 78
61 98 36 71
61 97 68 70
61 100 92 109
62 99 56 67
62 101 51 76
62 100 37 74
62 97 16 84
62 99 24 57
62 101 46 65
62 102 15 51
62 99 26 31
62 101 41 45
62 102 4 44
62 100 52 82
62 100 19 74
62 99 5 31
62 100 35 79
62 100 14 68
62 100 57 63
62 99 11 28
62 99 6 65
62 103 25 80
62 100 8 81
62 100 13 51
62 99 7 69
62 104 26 63
62 99 4 64
62 101 57 66
62 102 20 55
62 100 31 50
62 103 20 40
62 101 14 61
62 99 6 45
62 101 21 69
62 97 4 72
62 99 13 66
62 99 21 60
62 101 3 43
62 101 3 80
62 98 4 19
62 97 22 71
62 99 28 76
62 101 30 55
62 100 26 41
62 100 49 85
62 101 19 77
62 100 9 10
62 97 24 52
62 99 31 68
62 100 7 41
62 98 21 27
62 101 45 73
62 100 44 79
62 99 12 20
63 102 58 76
63 100 82 98
63 100 39 73
63 103 41 51
63 97 18 56
63 99 24 73
63 101 11 21
63 103 45 113
63 100 51 53
63 102 13 36
63 98 22 96
63 98 64 67
63 99 92 114
63 100 26 50
63 97 60 80
63 98 40 46
63 99 8 20
63 97 12 58
63 97 33 87
63 99 44 58
63 101 19 100
63 102 74 82
63 102 31 82
63 97 53 60
63 97 6 48
63 100 96 107
63 101 3 69
63 103 30 52
63 99 34 70
63 101 62 112
63 99 9 28
63 100 24 56
63 103 5 97
63 99 4 39
63 102 34 54
63 98 33 53
63 99 73 111
63 99 35 66
63 100 39 81
63 103 35 68
63 99 11 32
63 98 62 102
63 99 44 111
63 101 46 92
63 102 34 83
63 101 20 43
63 101 41 49
63 102 58 92
64 99 31 78
64 99 6 73
64 100 27 50
64 95 30 53
64 103 28 83
64 99 11 75
64 101 2 72
64 99 19 81
64 100 1 60
64 98 27 52
64 99 27 72
64 101 7 75
64 100 19 75
64 102 25 84
64 102 54 56
64 102 1 46
64 102 3 18
64 104 31 41
64 96 49 55
64 99 60 76
64 101 25 68
64 101 25 62
64 101 33 79
64 97 7 47
64 96 35 44
64 102 14 38
64 105 39 80
64 100 8 33
64 102 52 73
64 97 41 66
64 98 40 68
64 99 3 47
64 98 31 73
64 98 23 51
64 101 6 50
64 99 10 62
64 99 2 40
64 99 37 70
64 98 59 62
64 99 7 16
64 103 31 85
64 103 16 70
64 96 17 61
64 99 45 76
64 98 10 75
64 97 6 68
64 99 22 40
64 99 22 48
64 99 0 81
64 98 6 85
64 101 67 84
64 98 38 58
64 100 34 66
64 101 1 47
64 101 6 64
65 97 0 60
65 100 13 67
65 98 23 61
65 102 56 64
65 102 3 42
65 101 16 65
65 98 23 24
65 97 19 48
65 101 15 65
65 102 25 51
65 97 49 75
65 100 0 75
65 97 2 75
65 101 42 71
65 100 69 70
65 101 23 44
65 97 9 60
65 99 13 36
65 100 6 69
65 98 46 49
65 98 4 53
65 98 11 30
65 101 17 60
65 98 1 59
65 96 21 44
65 97 26 45
65 105 33 52
65 101 4 44
65 101 1 55
65 99 6 27
65 98 41 70
65 102 25 45
65 96 0 76
65 97 52 64
65 100 43 57
65 99 6 71
65 98 10 43
65 100 9 54
65 100 31 53
65 102 71 73
65 102 49 75
65 99 0 48
65 100 6 41
65 97 22 46
65 95 24 62
65 99 28 73
65 101 28 54
65 99 25 34
65 100 38 65
65 103 10 47
65 100 20 34
66 99 24 57
66 100 60 72
66 103 27 95
66 97 25 78
66 99 38 45
66 100 1 88
66 103 5 13
66 99 6 84
66 99 3 50
66 99 22 75
66 99 26 85
66 99 27 86
66 102 32 66
66 97 2 95
66 98 25 81
66 101 8 21
66 99 12 49
66 99 27 47
66 98 71 96
66 100 19 52
66 100 4 27
66 101 44 79
66 98 15 85
66 101 26 89
66 100 43 92
66 98 0 92
66 99 45 60
66 101 3 31
66 104 49 90
66 97 15 22
66 104 63 84
66 101 38 90
66 103 51 95
66 99 55 70
66 102 20 89
66 100 46 78
66 100 80 95
66 104 31 72
66 96 3 94
66 102 24 94
66 100 35 73
66 102 4 50
66 98 1 37
66 100 33 94
66 103 1 96
66 99 5 90
66 101 16 40
66 101 6 36
66 101 58 91
66 99 12 39
66 98 2 80
66 99 66 87
66 103 28 39
66 100 25 52
67 98 32 71
67 101 14 18
67 95 4 99
67 102 74 76
67 100 33 67
67 99 20 49
67 101 62 100
67 98 36 74
67 99 28 62
67 98 17 45
67 101 7 44
67 101 9 63
67 101 47 100
67 96 41 58
67 98 13 60
67 100 21 42
67 100 29 74
67 102 48 97
67 102 30 60
67 101 37 51
67 101 1 82
67 98 28 85
67 103 59 76
67 99 15 42
67 101 42 96
67 105 9 66
67 96 39 55
67 102 63 72
67 101 68 96
67 105 5 11
67 97 12 34
67 98 42 81
67 102 6 28
67 96 32 98
67 101 0 25
67 100 7 44
67 97 3 72
67 100 6 101
67 102 44 80
67 101 1 14
67 103 24 98
67 102 66 71
67 100 24 77
67 97 16 40
67 101 0 76
67 99 49 96
67 104 17 18
67 100 62 95
67 99 71 79
67 99 45 51
67 103 37 40
67 99 59 80
68 98 4 14
68 96 7 35
68 97 47 85
68 99 2 39
68 98 18 72
68 100 43 58
68 99 33 68
68 101 64 81
68 98 58 80
68 99 8 29
68 100 18 41
68 103 39 72
68 101 6 14
68 99 41 78
68 101 22 80
68 100 57 98
68 104 39 95
68 99 50 84
68 100 13 47
68 98 29 56
68 100 18 54
68 103 46 77
68 99 4 8
68 100 12 45
68 99 15 66
68 101 14 93
68 101 51 64
68 103 44 75
68 94 32 97
68 99 53 94
68 100 24 55
68 96 4 51
68 97 31 84
68 102 13 60
68 101 48 89
68 98 14 16
68 99 5 33
68 101 23 85
68 102 36 49
68 100 42 46
68 100 26 71
68 104 0 87
68 98 5 49
68 100 26 32
68 101 1 41
68 98 60 70
68 100 46 72
69 104 78 80
69 102 6 93
69 101 47 62
69 99 9 18
69 98 63 103
69 100 18 74
69 102 8 88
69 98 34 72
69 98 2 24
69 102 32 66
69 99 4 59
69 100 50 102
69 102 16 68
69 99 0 92
69 100 57 84
69 100 35 73
69 98 37 54
69 102 24 33
69 98 95 104
69 98 26 102
69 96 1 60
69 100 20 42
69 100 48 95
69 101 47 69
69 99 35 36
69 99 5 45
69 102 77 105
69 102 30 69
69 102 0 44
69 101 29 75
69 98 60 82
69 103 49 80
69 102 71 98
69 96 38 92
69 100 86 96
69 101 49 96
69 103 1 6
69 100 30 57
69 102 46 67
69 101 18 90
69 101 9 32
69 103 81 106
69 102 3 107
69 98 75 108
69 98 45 60
69 99 1 59
69 97 29 103
70 96 28 47
70 99 28 73
70 101 7 35
70 99 16 73
70 96 2 36
70 97 54 75
70 100 10 43
70 102 40 54
70 101 13 55
70 103 2 36
70 100 0 69
70 96 14 38
70 100 20 68
70 101 10 64
70 98 28 70
70 102 45 69
70 99 1 73
70 99 19 54
70 99 11 19
70 104 30 55
70 101 46 62
70 104 11 50
70 102 18 69
70 100 18 56
70 102 6 66
70 99 29 32
70 102 0 47
70 97 21 43
70 101 0 46
70 96 9 26
70 100 4 36
70 100 34 54
70 100 19 70
70 101 50 58
70 103 19 31
70 97 4 39
71 99 52 84
71 105 22 77
71 101 29 74
71 102 19 99
71 100 34 56
71 101 35 96
71 96 10 33
71 102 47 88
71 101 2 7
71 100 57 85
71 97 29 99
71 102 42 67
71 104 39 82
71 100 3 29
71 97 38 96
71 99 0 69
71 102 36 98
71 99 52 66
71 101 14 38
71 102 34 66
71 103 47 59
71 101 27 69
71 97 15 47
71 100 12 32
71 100 43 88
71 99 48 65
71 100 13 15
71 101 56 97
71 98 42 66
71 99 48 53
71 102 78 99
71 100 8 33
71 99 35 88
71 100 27 93
71 100 40 45
71 98 24 71
71 97 1 89
71 101 6 29
71 101 88 90
71 99 8 37
71 102 18 64
71 100 10 59
71 102 17 75
71 97 91 92
71 101 60 67
71 95 43 52
72 98 71 104
72 102 17 61
72 100 63 77
72 97 22 77
72 101 10 15
72 103 27 90
72 97 10 57
72 99 10 87
72 98 41 101
72 100 2 63
72 100 14 43
72 102 5 63
72 100 35 86
72 101 41 77
72 97 11 12
72 100 22 78
72 101 28 43
72 103 4 49
72 103 42 89
72 100 32 77
72 100 22 56
72 102 13 68
72 100 30 86
72 97 59 75
72 100 28 58
72 99 29 65
72 96 8 29
72 99 0 104
72 100 52 55
72 102 8 33
72 99 0 58
72 99 6 23
72 99 14 50
72 99 21 70
72 99 45 79
72 100 15 69
72 100 47 86
72 101 23 74
72 102 33 36
72 98 13 93
72 101 21 83
72 102 58 104
72 100 5 81
72 104 4 99
72 100 18 61
72 100 1 37
72 99 86 91
72 104 20 61
73 99 32 94
73 101 39 72
73 98 36 70
73 100 28 42
73 101 14 56
73 100 20 82
73 101 65 85
73 101 28 66
73 100 20 77
73 100 24 66
73 101 35 63
73 100 9 98
73 96 36 92
73 100 33 100
73 98 25 64
73 101 0 47
73 100 22 41
73 103 23 78
73 97 8 89
73 102 37 66
73 100 13 95
73 104 45 53
73 97 68 82
73 101 10 41
73 102 92 96
73 101 3 50
73 98 38 51
73 99 64 78
73 101 2 80
73 99 14 85
73 100 6 62
73 100 0 33
73 101 15 78
73 100 49 63
73 102 21 66
73 101 40 61
73 98 52 90
74 102 26 88
74 99 0 102
74 99 13 63
74 96 38 82
74 99 28 76
74 102 14 56
74 101 74 90
74 100 21 81
74 101 3 34
74 102 50 83
74 101 35 71
74 103 6 7
74 96 19 88
74 99 32 91
74 98 30 51
74 101 44 78
74 99 58 76
74 98 27 94
74 99 41 75
74 94 30 83
74 100 16 24
74 100 88 95
74 101 3 64
74 102 16 78
74 100 27 71
74 98 43 73
74 97 10 82
74 102 1 53
74 102 29 94
74 99 7 23
74 102 14 68
74 104 4 31
74 100 58 78
74 99 22 82
74 100 42 85
74 99 17 27
74 102 45 83
74 102 7 91
74 101 36 76
74 102 50 71
74 102 47 91
74 101 43 92
74 100 52 60
74 100 0 49
74 102 31 60
74 98 73 95
74 100 54 91
74 102 65 94
74 101 42 89
74 99 1 84
74 101 45 88
74 99 51 71
74 100 0 63
75 103 68 87
75 102 67 93
75 101 74 75
75 98 17 91
75 100 1 98
75 99 43 93
75 102 9 34
75 97 22 71
75 102 65 78
75 101 36 72
75 99 25 31
75 101 51 98
75 100 37 63
75 103 25 60
75 101 44 91
75 99 8 67
75 99 31 35
75 104 42 69
75 98 52 86
75 100 5 44
75 101 20 45
75 102 67 98
75 95 35 85
75 102 28 61
75 103 8 74
75 100 4 55
75 101 13 66
75 96 52 85
75 99 6 77
75 100 11 34
75 98 47 57
75 100 5 43
75 102 19 68
75 101 62 87
75 102 47 72
75 99 44 82
75 97 25 66
75 101 6 47
75 101 22 68
75 99 66 92
75 99 25 82
75 100 18 60
75 98 0 24
75 99 16 99
75 97 53 84
75 95 12 43
75 98 70 90
75 100 21 59
75 99 38 51
75 100 79 84
75 102 14 59
75 100 34 79
75 101 13 96
75 102 62 90
76 99 58 76
76 101 20 70
76 102 18 29
76 100 35 86
76 99 74 88
76 99 12 67
76 99 91 98
76 101 35 102
76 98 31 69
76 98 22 34
76 98 50 65
76 101 30 53
76 98 67 91
76 97 32 66
76 96 36 44
76 99 44 96
76 101 33 45
76 100 0 28
76 100 2 31
76 98 28 101
76 101 0 28
76 100 52 73
76 101 11 63
76 102 5 44
76 101 31 102
76 98 61 68
76 104 8 94
76 102 7 50
76 101 16 98
76 100 0 42
76 101 24 87
76 99 38 87
76 103 46 94
76 94 2 5
76 98 90 101
76 97 24 37
76 99 50 99
76 103 45 71
77 100 12 86
77 98 7 21
77 100 14 44
77 100 13 78
77 101 18 51
77 100 2 48
77 98 35 37
77 102 61 88
77 100 38 69
77 96 20 75
77 98 23 62
77 99 17 51
77 98 43 80
77 102 38 76
77 99 77 82
77 102 0 69
77 102 7 32
77 102 5 92
77 95 19 29
77 102 22 79
77 99 23 50
77 100 21 88
77 100 78 82
77 100 59 92
77 101 16 45
77 102 8 42
77 100 25 45
77 104 25 31
77 102 41 68
77 100 10 26
77 101 71 95
77 100 46 87
77 100 8 71
77 101 16 77
77 100 52 62
77 101 23 64
77 100 33 57
77 101 1 35
77 98 24 53
77 101 44 48
77 102 10 22
77 102 2 90
77 97 36 46
77 98 23 50
77 97 20 62
77 100 30 53
78 103 17 71
78 98 49 70
78 99 30 81
78 102 28 79
78 101 15 68
78 101 34 77
78 101 20 75
78 99 72 83
78 99 48 75
78 100 15 38
78 99 64 70
78 103 21 23
78 100 22 83
78 96 13 62
78 101 8 51
78 102 23 86
78 97 6 55
78 99 38 58
78 99 6 23
78 101 41 57
78 98 49 77
78 98 61 63
78 100 71 75
78 98 48 80
78 102 17 69
78 98 50 90
78 102 25 64
78 100 19 76
78 102 34 90
78 98 9 56
78 100 10 37
78 100 14 78
78 100 38 61
78 99 1 82
78 102 13 86
78 101 30 58
78 100 34 88
78 98 9 66
78 101 41 63
78 99 46 92
78 98 17 62
78 102 25 71
78 101 4 56
78 99 71 88
78 101 19 48
78 97 58 65
79 102 74 75
79 98 29 79
79 104 8 88
79 97 82 108
79 100 16 41
79 100 22 83
79 98 13 55
79 100 53 84
79 101 4 82
79 99 79 107
79 102 31 84
79 98 2 24
79 99 1 101
79 101 69 92
79 98 48 84
79 100 46 71
79 101 37 104
79 97 18 109
79 99 9 19
79 97 50 55
79 98 69 77
79 101 20 38
79 99 57 78
79 100 70 93
79 102 37 47
79 100 6 56
79 101 39 86
79 100 20 101
79 99 30 33
79 100 7 89
79 102 24 64
79 101 34 89
79 98 5 108
79 103 70 115
79 102 34 65
79 98 69 104
79 101 33 72
79 103 8 76
79 101 79 83
79 97 61 116
79 98 17 33
79 96 75 97
79 100 13 88
79 100 40 52
79 96 9 66
79 99 10 50
79 102 60 75
79 102 4 15
80 105 19 99
80 98 32 52
80 102 87 98
80 104 14 44
80 101 60 83
80 102 8 79
80 101 0 57
80 99 38 48
80 100 34 99
80 100 47 101
80 100 18 83
80 100 8 43
80 99 49 60
80 98 47 89
80 104 5 103
80 98 8 13
80 99 14 22
80 98 2 16
80 99 0 86
80 102 50 96
80 100 20 24
80 103 83 84
80 100 1 88
80 102 8 71
80 99 46 63
80 105 15 72
80 102 36 81
80 100 1 11
80 99 28 61
80 100 33 98
80 101 36 101
80 99 23 67
80 101 34 48
80 103 23 45
80 101 51 91
80 103 42 86
80 99 70 89
80 100 1 25
80 99 47 100
80 103 33 69
80 102 78 103
80 102 49 100
80 96 9 57
80 101 29 74
80 103 4 70
80 102 29 65
80 100 33 49
80 99 18 69
80 101 14 81
80 100 67 103
80 100 32 48
80 101 20 46
80 100 60 99
80 97 34 75
80 101 30 98
81 106 50 70
81 99 32 76
81 100 52 66
81 96 18 56
81 104 3 29
81 97 78 89
81 98 43 55
81 102 2 91
81 100 3 8
81 101 9 64
81 99 2 42
81 100 7 11
81 101 17 38
81 97 51 70
81 99 51 72
81 100 54 89
81 99 82 94
81 101 26 77
81 102 37 75
81 101 19 77
81 98 63 90
81 101 44 85
81 100 11 53
81 97 22 88
81 99 33 58
81 105 26 79
81 102 78 91
81 98 54 63
81 104 6 31
81 101 42 78
81 99 21 53
81 102 7 74
81 100 8 62
81 103 64 93
81 103 70 74
81 100 1 46
81 104 0 62
81 101 22 88
81 98 41 86
81 101 8 80
81 98 13 55
81 102 31 68
81 101 72 79
81 100 17 83
81 96 20 72
81 99 29 49
81 99 19 45
82 102 2 75
82 102 12 91
82 98 15 63
82 100 1 39
82 100 13 56
82 104 45 85
82 96 57 83
82 99 23 85
82 102 43 86
82 101 21 74
82 99 67 79
82 103 53 86
82 101 31 51
82 100 10 81
82 102 49 73
82 99 20 44
82 101 77 89
82 102 4 25
82 103 3 93
82 100 9 50
82 101 2 36
82 97 14 49
82 103 76 79
82 99 34 92
82 101 12 93
82 100 31 59
82 97 31 92
82 100 14 42
82 100 38 76
82 99 36 92
82 97 16 89
82 100 85 86
82 99 20 76
82 97 0 88
82 100 67 91
82 99 56 75
82 98 10 89
82 98 20 44
82 98 26 37
82 99 19 81
82 101 10 59
82 98 57 83
82 101 26 83
82 99 2 44
82 99 49 59
82 100 30 76
82 100 25 63
82 102 30 36
82 99 9 75
82 104 14 63
82 97 84 88
82 99 27 56
82 100 31 80
82 99 45 85
83 103 73 89
83 101 10 31
83 97 59 91
83 101 46 77
83 98 22 83
83 96 3 51
83 98 77 93
83 101 43 87
83 99 15 54
83 102 11 71
83 104 44 51
83 97 0 74
83 101 13 66
83 100 35 69
83 101 45 50
83 98 22 88
83 105 6 60
83 103 3 68
83 102 4 43
83 101 9 77
83 102 20 55
83 96 24 35
83 98 9 85
83 98 63 73
83 100 6 73
83 101 12 51
83 100 7 59
83 100 12 54
83 99 8 71
83 97 14 85
83 99 13 60
83 98 14 70
83 101 23 64
83 97 41 83
83 98 74 93
83 100 29 81
83 100 28 78
83 103 33 54
83 99 75 94
83 98 57 94
83 102 69 80
83 101 45 90
83 98 0 80
83 103 2 69
83 100 41 87
83 99 40 49
83 102 23 74
83 99 38 62
83 98 14 23
83 101 67 87
83 99 64 67
83 105 6 20
83 98 40 91
83 96 10 73
83 99 5 23
84 100 21 77
84 98 9 57
84 101 31 64
84 102 76 102
84 99 65 102
84 100 17 67
84 100 58 88
84 98 63 94
84 101 68 100
84 99 62 105
84 99 26 83
84 97 2 50
84 98 39 70
84 103 54 69
84 104 7 63
84 99 4 23
84 101 32 49
84 99 26 106
84 100 0 24
84 101 3 43
84 98 27 98
84 100 44 87
84 102 26 80
84 102 20 23
84 102 20 32
84 101 58 100
84 100 20 107
84 101 73 93
84 97 60 103
84 100 8 42
84 100 14 104
84 101 12 85
84 103 42 60
84 98 50 101
84 98 9 88
84 102 16 80
84 100 33 98
84 101 45 61
84 100 45 68
84 100 25 65
84 100 14 28
84 97 31 76
84 99 38 106
84 100 2 75
84 98 40 85
84 101 34 81
84 101 26 41
85 100 38 97
85 98 40 53
85 98 18 94
85 99 64 94
85 101 56 91
85 101 11 100
85 102 18 20
85 103 57 101
85 100 70 97
85 99 19 88
85 98 26 78
85 103 32 88
85 102 39 99
85 100 8 79
85 98 1 46
85 103 18 74
85 99 8 84
85 103 32 44
85 100 1 52
85 100 19 59
85 98 55 74
85 100 2 33
85 95 24 97
85 99 4 21
85 101 10 45
85 100 11 58
85 100 87 90
85 103 28 81
85 100 10 54
85 98 30 87
85 100 26 59
85 100 32 75
85 102 53 80
85 100 40 63
85 100 27 77
85 101 13 43
85 98 19 60
85 98 10 72
85 96 30 57
85 99 80 100
85 98 36 102
85 101 58 78
85 100 11 99
85 99 2 64
85 102 17 81
85 102 25 26
85 101 48 75
85 97 44 89
85 100 16 32
85 101 2 26
85 101 49 99
85 99 75 90
85 102 19 93
86 99 40 74
86 104 32 49
86 100 23 75
86 102 41 53
86 102 8 53
86 95 10 20
86 100 14 60
86 99 2 38
86 98 10 66
86 104 10 79
86 101 16 87
86 100 40 54
86 100 19 22
86 98 25 42
86 99 34 52
86 102 15 28
86 100 30 65
86 97 31 71
86 103 5 64
86 103 10 93
86 98 5 21
86 99 6 45
86 99 0 16
86 101 42 69
86 99 5 52
86 99 61 83
86 99 30 44
86 99 31 68
86 97 23 25
86 101 35 88
86 101 47 84
86 100 38 43
86 100 27 85
86 100 11 27
86 100 22 62
86 100 9 61
86 100 25 37
86 99 0 42
86 103 7 95
86 101 17 58
86 95 13 39
86 99 33 92
86 100 19 89
86 97 65 78
86 99 1 47
86 100 35 60
86 101 55 82
86 98 7 9
86 102 2 75
86 99 17 56
86 98 34 69
86 100 19 57
86 99 8 52
87 102 35 40
87 100 77 105
87 96 35 43
87 100 7 41
87 99 36 44
87 97 41 48
87 99 55 103
87 100 54 88
87 98 75 105
87 102 30 32
87 102 26 69
87 100 52 62
87 98 10 55
87 99 91 105
87 101 1 101
87 99 3 53
87 97 26 82
87 99 50 55
87 100 65 97
87 102 1 95
87 99 42 88
87 104 20 40
87 98 34 56
87 102 67 70
87 100 20 64
87 101 29 61
87 100 7 64
87 100 19 40
87 100 10 91
87 99 5 45
87 101 5 20
87 101 69 77
87 101 48 102
87 101 48 66
87 102 44 59
87 98 28 63
87 100 1 56
87 100 22 34
88 100 18 88
88 99 9 19
88 99 4 62
88 94 14 90
88 102 3 46
88 98 27 108
88 99 92 112
88 96 5 45
88 101 22 79
88 94 10 66
88 98 21 89
88 100 61 96
88 94 76 110
88 99 23 93
88 103 29 64
88 99 4 45
88 100 90 92
88 101 30 83
88 99 68 78
88 100 77 82
88 101 81 99
88 101 48 71
88 99 10 28
88 100 4 39
88 101 38 69
88 98 23 76
88 100 73 96
88 104 82 100
88 99 57 97
88 101 36 110
88 102 38 83
88 99 35 71
88 100 85 105
88 98 10 28
88 100 54 102
88 100 10 87
88 103 23 109
88 102 1 50
88 101 42 88
88 99 55 63
88 99 71 76
88 100 27 63
88 102 9 12
88 97 36 105
88 99 22 103
88 101 11 93
88 102 32 95
88 100 57 71
88 102 32 36
88 101 23 48
88 97 22 37
88 103 8 29
88 99 36 53
89 103 23 44
89 100 52 71
89 102 28 60
89 101 3 60
89 101 28 79
89 100 73 89
89 100 41 60
89 99 28 32
89 99 19 45
89 102 46 82
89 98 27 54
89 102 18 72
89 98 61 69
89 99 18 26
89 101 16 77
89 100 43 82
89 101 41 65
89 102 11 81
89 99 47 49
89 103 55 59
89 102 20 55
89 98 73 76
89 102 28 36
89 100 55 73
89 97 57 82
89 96 53 78
89 102 45 76
89 101 43 63
89 102 71 77
89 102 64 90
89 102 47 55
89 101 27 53
89 101 22 85
89 102 64 87
89 98 21 84
89 104 49 89
89 99 4 49
89 105 0 44
89 102 4 34
89 101 26 90
89 99 62 69
89 99 4 25
89 96 4 64
89 100 5 19
89 98 8 85
89 102 17 79
89 101 13 74
89 102 2 68
89 98 23 75
89 98 46 76
89 102 7 82
89 98 13 68
89 103 57 78
89 102 6 49
89 98 79 80
89 98 14 43
90 101 19 68
90 99 36 91
90 102 4 71
90 96 24 46
90 101 34 91
90 99 61 73
90 99 54 93
90 99 63 100
90 100 2 17
90 97 13 67
90 100 42 71
90 96 14 58
90 100 17 73
90 101 70 85
90 98 48 80
90 101 0 72
90 101 34 53
90 98 41 79
90 103 10 96
90 96 29 84
90 97 55 100
90 99 2 70
90 98 23 98
90 99 50 80
90 102 32 60
90 98 14 90
90 98 6 86
90 100 14 66
90 95 16 54
90 97 21 84
90 99 58 102
90 99 35 61
90 99 9 56
90 101 14 32
90 99 51 93
90 100 12 37
90 99 32 73
90 100 7 56
90 103 14 75
90 100 27 40
90 100 46 82
90 99 11 25
90 101 51 97
90 102 12 34
90 101 0 19
90 103 37 96
90 102 10 36
91 99 45 52
91 104 45 65
91 103 14 76
91 105 61 89
91 100 73 84
91 103 0 10
91 100 39 53
91 99 68 97
91 103 72 94
91 98 25 97
91 104 29 69
91 98 47 80
91 97 44 78
91 101 8 50
91 103 7 71
91 102 71 93
91 102 40 55
91 101 1 76
91 99 24 42
91 98 13 100
91 100 18 55
91 99 23 68
91 105 69 97
91 98 31 32
91 98 27 92
91 100 33 83
91 101 2 85
91 103 70 90
91 98 56 83
91 104 23 54
91 96 36 40
91 99 50 89
91 100 71 87
91 100 88 92
91 97 91 99
91 99 12 93
91 104 27 90
91 100 66 85
91 103 17 67
91 98 26 27
91 100 10 29
91 98 31 74
91 103 25 84
91 103 21 67
91 100 1 48
92 97 17 66
92 102 33 58
92 98 78 83
92 101 11 59
92 102 31 61
92 101 25 71
92 101 39 80
92 101 26 75
92 98 5 30
92 97 10 45
92 100 39 54
92 100 13 63
92 102 41 95
92 103 14 98
92 99 7 37
92 98 37 67
92 101 58 90
92 98 37 54
92 103 18 43
92 99 48 82
92 99 6 14
92 100 39 90
92 105 60 73
92 98 26 65
92 99 33 66
92 102 25 91
92 99 27 74
92 100 13 46
92 103 70 102
92 102 0 56
92 100 38 84
92 99 24 93
92 99 5 48
92 100 43 66
92 97 43 94
92 97 19 42
92 102 94 98
92 102 1 87
92 99 18 69
92 98 3 23
92 100 62 79
92 99 67 87
92 100 9 64
92 99 21 90
92 101 31 90
92 96 20 91
92 99 1 49
92 100 10 22
92 102 30 85
92 102 20 90
92 100 15 36
92 99 5 55
93 100 14 48
93 98 47 69
93 101 5 56
93 105 7 52
93 101 28 75
93 98 36 78
93 104 26 54
93 99 58 60
93 100 45 85
93 99 15 70
93 102 23 75
93 98 57 65
93 98 16 33
93 101 5 23
93 100 46 83
93 97 36 71
93 101 11 78
93 101 38 75
93 100 20 83
93 103 29 39
93 100 13 49
93 100 61 70
93 99 25 37
93 101 6 63
93 100 26 75
93 100 15 47
93 100 7 29
93 99 28 33
93 101 57 80
93 98 16 24
93 99 29 74
93 98 1 53
93 102 20 62
93 101 33 37
93 95 21 71
93 100 2 78
93 99 29 70
93 99 59 60
93 99 41 48
93 101 41 70
93 99 5 21
93 100 22 73
93 101 12 74
93 102 13 80
93 99 16 29
93 99 4 31
94 99 43 71
94 97 1 68
94 100 4 67
94 98 22 51
94 98 30 64
94 97 22 74
94 101 46 56
94 103 19 64
94 102 3 52
94 102 16 68
94 101 22 46
94 101 13 63
94 99 19 53
94 101 25 42
94 98 10 31
94 101 14 51
94 103 7 38
94 102 7 74
94 98 12 84
94 98 13 73
94 100 2 29
94 98 42 66
94 98 20 78
94 102 7 12
94 99 19 41
94 103 59 82
94 98 6 66
94 98 12 14
94 99 40 69
94 99 45 70
94 98 46 55
94 99 5 55
94 100 21 53
94 98 9 58
94 100 32 84
94 103 0 83
94 102 31 81
94 100 57 65
94 99 2 14
94 100 22 57
94 100 32 68
94 101 6 36
94 98 8 67
94 100 18 60
94 100 26 70
94 99 13 48
94 102 54 70
94 99 26 86
95 101 13 40
95 101 60 97
95 102 4 77
95 101 17 29
95 99 11 89
95 99 96 97
95 102 67 93
95 105 42 90
95 101 20 54
95 98 19 93
95 100 20 67
95 100 1 80
95 97 21 58
95 103 51 92
95 100 13 74
95 99 11 68
95 100 37 54
95 97 64 97
95 101 57 97
95 98 19 94
95 97 36 65
95 104 85 93
95 96 41 80
95 101 22 74
95 101 38 71
95 100 36 62
95 101 39 79
95 100 43 81
95 102 12 18
95 99 60 82
95 99 60 65
95 100 2 69
95 99 23 47
95 101 12 94
95 101 67 99
95 96 41 62
95 99 40 59
95 101 28 65
95 100 34 49
95 101 45 89
95 98 27 97
95 96 37 75
95 103 47 86
95 102 49 59
95 97 27 64
95 98 6 76
95 99 14 96
95 103 3 95
95 100 1 58
95 100 35 57
95 98 3 24
95 96 38 44
96 98 3 73
96 99 40 83
96 96 2 23
96 99 28 46
96 99 10 31
96 105 1 63
96 103 7 87
96 103 34 69
96 101 0 87
96 99 70 78
96 99 13 43
96 101 41 69
96 99 10 78
96 96 0 89
96 100 1 22
96 99 57 69
96 98 64 90
96 103 26 52
96 99 55 88
96 97 33 46
96 106 15 60
96 98 10 38
96 95 0 24
96 100 35 88
96 97 24 66
96 97 14 57
96 100 32 65
96 102 70 76
96 101 6 47
96 99 27 66
96 98 1 19
96 103 4 66
96 101 24 66
96 99 11 60
96 101 17 88
96 101 1 85
96 103 3 12
96 99 4 40
96 102 21 75
96 101 4 62
96 100 64 80
96 99 20 63
96 100 32 84
96 99 33 62
96 98 28 40
96 100 15 39
96 99 25 68
96 102 31 77
96 99 44 66
96 101 76 78
96 102 16 90
96 101 38 90
97 99 30 32
97 100 5 18
97 96 16 97
97 102 90 99
97 100 59 99
97 101 40 90
97 98 38 88
97 100 52 77
97 99 16 80
97 98 58 94
97 102 18 49
97 105 42 73
97 100 52 96
97 103 12 49
97 99 76 77
97 99 13 80
97 100 16 44
97 103 56 100
97 99 16 71
97 95 9 14
97 102 29 100
97 99 69 104
97 100 28 66
97 101 64 79
97 101 15 23
97 102 6 59
97 100 4 10
97 101 8 94
97 99 18 66
97 100 9 101
97 102 9 83
97 101 19 88
97 100 5 55
97 98 17 102
97 101 14 53
97 100 1 96
97 103 2 67
97 99 75 88
97 98 51 101
97 97 26 43
97 98 19 47
97 101 43 69
97 100 39 62
97 101 10 57
97 100 6 44
97 96 62 92
97 101 63 99
97 100 62 106
97 101 15 91
97 101 54 101
97 97 27 95
97 102 23 37
97 101 76 102
98 101 1 83
98 102 46 71
98 99 23 69
98 100 14 32
98 98 18 67
98 100 57 102
98 102 49 55
98 103 26 64
98 102 46 87
98 104 6 9
98 97 38 99
98 96 77 104
98 99 17 74
98 101 5 83
98 99 34 104
98 97 81 100
98 100 31 74
98 100 38 41
98 102 20 72
98 101 11 72
98 97 17 40
98 102 15 73
98 99 39 49
98 101 62 103
98 98 11 53
98 99 7 27
98 98 35 85
98 99 31 86
98 98 3 86
98 99 16 80
98 98 34 52
98 98 67 88
98 99 5 56
98 100 18 48
98 101 49 82
98 103 40 79
98 101 31 73
98 100 51 63
98 105 7 77
98 99 58 95
98 97 17 71
98 102 1 6
98 99 72 77
98 98 64 83
98 97 23 31
98 98 19 63
98 97 33 47
98 99 18 61
98 101 37 57
98 100 6 45
98 100 91 92
99 99 53 97
99 101 4 29
99 99 35 77
99 100 51 52
99 100 56 78
99 101 14 64
99 99 48 93
99 98 8 82
99 101 45 70
99 100 34 42
99 99 14 58
99 101 24 58
99 98 2 82
99 95 51 76
99 102 55 86
99 99 47 66
99 102 5 50
99 98 0 62
99 100 87 96
99 97 0 68
99 97 52 62
99 102 41 66
99 103 35 97
99 101 46 68
99 96 22 36
99 98 50 97
99 99 24 63
99 101 21 66
99 97 1 35
99 99 0 91
99 106 45 59
99 100 52 85
99 100 54 66
99 101 37 86
99 99 41 92
99 102 59 65
99 96 9 92
99 100 35 95
99 101 12 36
99 101 35 57
99 101 58 74
99 99 2 52
99 103 13 35
99 99 54 81
99 100 8 79
99 97 38 55
99 97 46 83
99 98 52 66
99 99 60 69
99 101 61 65
99 99 34 66
99 99 11 72
99 100 12 66
99 98 65 77
99 100 15 57
