0 96 34 159
0 98 73 134
0 99 42 150
0 100 61 132
0 100 9 111
0 104 106 125
0 101 4 31
0 98 52 131
0 102 15 75
0 104 49 131
0 100 22 55
0 100 26 123
0 99 82 147
0 100 134 141
0 102 34 92
0 99 64 114
0 98 70 140
0 101 46 124
0 103 37 78
0 99 23 80
0 104 64 167
0 98 115 149
0 99 43 59
0 102 50 86
0 101 43 148
0 100 98 166
0 103 27 79
0 100 0 64
0 101 3 115
0 99 118 159
0 102 83 146
0 102 63 119
1 98 120 180
1 103 95 183
1 98 61 79
1 105 155 168
1 102 43 126
1 100 113 164
1 100 36 142
1 104 28 127
1 101 26 145
1 101 28 86
1 97 3 104
1 97 39 172
1 99 49 176
1 99 16 80
1 102 20 51
1 99 93 194
1 99 1 145
1 100 3 66
1 101 22 69
1 97 30 169
1 98 35 70
1 104 157 173
1 100 53 159
1 100 85 112
1 103 66 168
1 98 66 99
1 99 109 192
1 99 3 111
1 104 37 163
1 100 13 138
2 102 5 138
2 103 50 153
2 100 60 184
2 97 61 92
2 101 43 125
2 99 5 96
2 103 19 39
2 100 130 173
2 100 32 92
2 99 132 172
2 98 73 194
2 97 68 151
2 100 21 190
2 100 102 148
2 100 12 88
2 99 73 153
2 101 16 71
2 97 67 194
2 98 139 183
2 101 20 154
2 98 177 189
2 98 65 201
2 101 62 146
2 98 34 84
2 101 34 104
2 102 45 103
2 98 151 173
2 99 46 148
2 101 48 114
2 103 111 173
2 100 150 197
3 98 117 145
3 100 151 200
3 104 28 121
3 101 39 56
3 100 37 180
3 100 157 160
3 100 4 80
3 96 61 189
3 99 2 103
3 102 116 207
3 104 117 199
3 100 62 116
3 99 10 94
3 101 137 203
3 96 12 183
3 101 119 215
3 101 123 235
3 103 125 129
3 100 11 189
3 103 47 105
3 103 167 211
3 99 197 209
3 101 183 219
3 98 78 234
3 99 52 105
3 102 159 184
3 99 4 166
4 102 22 145
4 104 6 123
4 103 37 119
4 103 79 117
4 99 37 122
4 101 6 173
4 102 77 105
4 99 91 109
4 100 85 153
4 100 11 71
4 100 0 108
4 102 32 130
4 99 75 112
4 102 2 155
4 100 70 152
4 95 48 127
4 98 7 173
4 98 0 173
4 101 68 159
4 99 75 83
4 97 9 86
4 100 165 169
4 99 106 130
4 104 91 114
4 101 75 150
4 101 66 134
4 102 53 127
4 103 44 129
4 103 26 115
5 100 172 209
5 99 41 60
5 102 102 183
5 100 3 203
5 95 75 139
5 99 46 173
5 103 61 191
5 98 59 103
5 99 23 178
5 99 52 64
5 98 25 179
5 101 14 72
5 101 5 182
5 98 83 97
5 99 3 211
5 98 60 108
5 101 17 96
5 97 92 205
5 100 159 197
5 101 100 194
5 99 123 213
5 98 180 188
5 99 42 119
5 99 170 214
5 100 5 116
5 100 38 213
5 100 85 156
5 101 18 51
6 101 148 199
6 102 65 165
6 100 74 198
6 102 66 85
6 97 55 194
6 102 105 157
6 99 113 174
6 100 39 123
6 98 119 175
6 99 10 137
6 98 80 161
6 100 10 151
6 100 135 183
6 101 16 98
6 98 45 121
6 102 60 164
6 98 20 120
6 99 60 151
6 98 85 132
6 100 164 189
6 101 103 149
6 98 76 128
6 103 12 129
6 99 38 143
6 99 104 204
6 102 125 139
6 103 29 166
6 101 42 155
6 103 140 202
6 99 103 184
7 100 58 81
7 103 37 193
7 98 2 36
7 99 89 191
7 97 75 178
7 102 138 191
7 100 30 136
7 101 147 184
7 101 30 92
7 100 11 84
7 101 5 97
7 96 123 183
7 100 46 130
7 100 38 86
7 101 49 139
7 103 23 186
7 99 91 150
7 101 41 93
7 98 61 146
7 105 80 143
7 97 30 157
7 105 39 133
7 98 126 203
7 99 53 75
7 99 48 176
7 100 9 159
7 98 117 166
7 101 144 196
7 98 9 171
7 103 37 152
8 101 75 200
8 101 52 150
8 100 98 167
8 101 2 196
8 102 11 19
8 100 41 90
8 101 52 148
8 99 116 155
8 102 77 122
8 100 37 104
8 103 63 176
8 101 54 123
8 96 157 199
8 100 33 128
8 99 36 52
8 99 173 187
8 100 49 114
8 98 33 209
8 95 42 120
8 101 10 66
8 98 11 139
8 99 17 109
8 100 125 186
8 100 84 165
8 101 48 129
8 98 16 20
8 97 2 65
8 99 42 159
8 99 0 174
8 100 66 104
8 104 62 113
8 101 67 188
8 102 76 171
8 100 83 186
8 102 97 193
8 99 62 201
9 97 21 177
9 101 85 168
9 102 118 186
9 102 42 221
9 100 90 169
9 102 44 209
9 101 25 113
9 101 5 29
9 98 111 151
9 98 84 177
9 99 40 198
9 106 144 198
9 102 14 116
9 102 74 93
9 97 172 208
9 96 106 221
9 103 13 68
9 102 106 149
9 102 71 97
9 101 72 88
9 99 31 94
9 96 42 211
9 100 93 192
9 100 45 112
9 101 185 192
9 101 179 182
9 100 43 146
9 99 52 134
9 98 9 96
10 101 97 174
10 100 7 94
10 97 79 114
10 102 1 111
10 99 116 130
10 96 37 135
10 98 100 159
10 98 22 60
10 98 142 162
10 99 14 82
10 98 84 174
10 101 47 110
10 100 18 101
10 101 74 150
10 101 56 108
10 102 44 171
10 102 13 111
10 100 102 138
10 103 30 54
10 102 150 161
10 99 17 80
10 99 12 131
10 99 41 165
10 98 40 171
10 97 40 160
10 100 105 163
10 102 109 163
10 98 28 161
11 99 108 177
11 98 5 107
11 101 143 191
11 101 11 123
11 102 0 189
11 97 107 140
11 97 96 156
11 98 74 120
11 101 66 100
11 101 12 69
11 98 108 148
11 101 30 117
11 103 106 141
11 101 62 157
11 102 28 179
11 101 62 171
11 100 3 11
11 101 23 79
11 98 7 69
11 98 49 74
11 97 46 136
11 99 101 167
11 99 50 187
11 99 78 151
11 99 36 161
12 99 10 73
12 102 65 162
12 99 73 150
12 100 33 141
12 104 112 180
12 100 13 40
12 98 9 94
12 100 83 173
12 102 52 129
12 102 21 54
12 100 7 10
12 103 6 92
12 100 80 166
12 99 17 157
12 100 6 57
12 98 47 143
12 98 90 149
12 100 75 171
12 104 39 109
12 101 65 155
12 98 94 175
12 97 65 129
12 96 94 157
12 100 14 176
12 101 82 120
12 100 75 125
12 97 26 104
12 100 170 177
13 101 86 155
13 101 31 41
13 103 4 170
13 102 14 165
13 100 110 157
13 100 53 154
13 97 17 48
13 103 60 117
13 99 86 174
13 98 9 35
13 99 131 165
13 101 87 103
13 98 5 77
13 102 15 47
13 101 50 169
13 100 142 161
13 102 112 164
13 97 10 132
13 100 8 60
13 103 28 122
13 105 17 149
13 97 65 166
13 101 2 177
13 102 18 58
13 100 3 141
13 102 10 126
13 99 12 40
13 98 23 114
14 99 18 125
14 104 134 174
14 100 48 130
14 100 153 159
14 98 8 32
14 100 147 178
14 100 102 165
14 100 99 167
14 99 53 155
14 101 5 68
14 99 32 124
14 102 55 137
14 97 62 122
14 99 17 178
14 101 8 103
14 102 52 163
14 102 91 140
14 97 7 57
14 99 15 76
14 98 41 106
14 101 24 151
14 102 166 170
14 103 11 145
14 100 47 148
14 101 96 158
14 103 66 93
14 98 3 175
14 101 21 53
15 100 119 146
15 100 115 168
15 102 92 97
15 98 65 141
15 97 4 46
15 99 4 143
15 99 42 113
15 99 37 72
15 96 18 132
15 99 60 82
15 100 166 169
15 101 108 152
15 102 46 130
15 101 25 148
15 102 172 177
15 98 1 39
15 98 0 143
15 99 79 137
15 102 33 79
15 103 122 163
15 99 52 161
15 100 48 154
15 100 7 68
15 97 11 176
15 100 83 133
15 99 21 108
15 100 18 121
15 97 17 37
15 100 58 152
15 101 11 159
16 100 51 117
16 100 46 148
16 102 99 133
16 99 45 193
16 102 14 170
16 99 86 98
16 100 70 80
16 100 76 198
16 98 101 139
16 101 66 87
16 101 32 152
16 98 33 108
16 94 85 165
16 98 125 177
16 98 97 181
16 99 24 66
16 98 111 199
16 97 105 177
16 98 91 194
16 99 11 89
16 100 79 186
16 98 27 73
16 101 197 205
16 97 118 157
16 105 0 32
16 99 93 126
16 100 68 190
17 97 143 151
17 98 28 39
17 98 86 170
17 102 3 39
17 101 101 153
17 99 90 132
17 103 32 171
17 102 52 113
17 100 14 119
17 101 7 103
17 102 47 50
17 102 9 81
17 101 176 180
17 98 32 105
17 102 150 169
17 102 64 151
17 101 37 72
17 100 86 148
17 99 59 97
17 101 4 61
17 101 49 124
17 99 82 148
17 101 132 159
17 101 37 140
17 97 40 171
17 103 87 144
17 102 14 114
17 101 66 125
17 97 1 20
17 101 165 183
18 99 25 164
18 101 72 98
18 99 35 147
18 100 46 73
18 100 14 130
18 101 123 134
18 100 94 168
18 98 36 140
18 97 8 143
18 103 56 147
18 99 82 169
18 99 24 69
18 100 85 116
18 97 95 114
18 100 82 103
18 101 68 144
18 97 12 157
18 102 107 120
18 99 34 142
18 99 91 159
18 106 61 125
18 100 66 120
18 100 77 150
18 100 109 157
18 101 71 138
18 101 54 75
18 100 14 73
18 102 12 60
18 99 26 115
18 99 42 131
18 100 27 64
18 98 32 79
19 99 8 158
19 96 81 107
19 100 112 198
19 102 52 143
19 102 120 158
19 99 108 191
19 99 26 170
19 101 60 199
19 100 45 107
19 99 40 138
19 98 92 118
19 102 59 198
19 100 102 120
19 99 29 127
19 98 106 156
19 101 87 151
19 98 72 189
19 101 38 52
19 100 68 85
19 97 145 169
19 101 8 115
19 101 80 206
19 100 127 179
19 102 119 136
19 104 76 119
19 98 43 205
19 100 93 152
19 95 160 188
19 98 129 163
19 102 1 155
20 100 24 133
20 98 107 174
20 101 109 168
20 101 45 121
20 102 124 168
20 101 46 151
20 98 68 144
20 101 106 156
20 100 15 170
20 100 39 124
20 101 11 32
20 101 13 121
20 103 21 55
20 100 11 154
20 98 14 173
20 100 108 156
20 98 80 106
20 101 6 167
20 99 8 117
20 105 79 135
20 97 50 175
20 100 85 165
20 99 103 147
20 100 39 56
20 99 44 91
20 104 36 106
20 98 10 146
21 102 65 138
21 97 72 127
21 98 59 163
21 99 22 121
21 103 78 114
21 97 15 157
21 101 74 136
21 99 82 112
21 99 2 152
21 97 46 86
21 101 27 133
21 102 105 139
21 100 5 178
21 103 78 175
21 101 4 67
21 99 33 134
21 101 71 144
21 95 6 173
21 98 136 157
21 102 39 61
21 101 44 109
21 98 0 89
21 103 39 110
21 101 41 178
21 99 91 125
21 100 149 180
21 100 121 163
21 99 106 158
21 98 126 148
22 101 54 84
22 100 1 39
22 94 46 170
22 103 185 190
22 100 15 114
22 101 93 94
22 98 167 204
22 100 87 136
22 102 37 201
22 100 44 148
22 99 48 194
22 96 10 59
22 98 138 167
22 96 77 149
22 103 142 143
22 98 4 168
22 102 48 50
22 100 10 183
22 93 48 204
22 98 3 97
22 100 48 148
22 100 93 201
22 102 88 98
22 99 150 185
22 97 38 176
22 101 159 178
22 101 155 185
22 97 10 146
22 101 24 114
22 102 12 115
22 99 109 185
23 99 97 169
23 99 171 193
23 103 147 245
23 96 183 214
23 102 80 244
23 101 144 149
23 100 22 106
23 100 144 246
23 99 195 232
23 98 62 232
23 102 38 47
23 98 80 205
23 101 158 250
23 100 68 138
23 97 155 187
23 98 97 117
23 101 103 238
23 99 6 71
23 104 84 252
23 102 2 128
23 104 56 137
23 95 231 250
23 99 124 156
24 100 108 152
24 101 13 78
24 101 46 88
24 101 60 164
24 102 84 118
24 99 6 214
24 100 101 122
24 101 129 153
24 97 90 216
24 101 122 203
24 103 61 119
24 102 131 165
24 104 102 208
24 101 76 146
24 97 66 114
24 101 109 148
24 99 73 179
24 101 5 100
24 100 53 164
24 103 6 104
24 96 127 206
24 99 5 13
24 100 180 183
24 100 12 19
24 99 67 218
24 100 39 101
24 101 5 10
24 96 78 193
24 101 125 203
24 100 182 200
25 99 46 172
25 97 51 65
25 100 13 145
25 99 55 179
25 99 38 156
25 101 92 163
25 96 22 87
25 100 3 176
25 104 10 114
25 99 3 120
25 99 78 114
25 99 2 117
25 102 92 156
25 100 154 165
25 100 25 87
25 95 124 170
25 100 75 178
25 98 3 140
25 100 67 84
25 103 71 117
25 102 3 132
25 100 163 176
25 100 86 170
25 102 38 151
25 98 98 168
25 101 43 122
25 102 16 125
25 97 128 141
25 101 24 132
26 96 35 66
26 102 91 163
26 96 7 57
26 101 63 128
26 96 114 193
26 98 27 170
26 100 159 173
26 101 17 66
26 98 55 88
26 100 16 171
26 100 149 159
26 99 20 139
26 100 108 158
26 103 2 143
26 97 215 219
26 102 153 200
26 101 104 155
26 101 139 159
26 96 9 58
26 101 12 153
26 100 100 135
26 99 14 158
26 98 85 178
26 97 39 117
26 102 94 161
26 99 114 215
26 104 180 219
26 103 13 188
26 97 30 202
26 98 14 68
27 100 12 113
27 99 94 100
27 101 102 118
27 100 35 62
27 99 18 120
27 102 71 131
27 101 41 166
27 98 51 115
27 103 20 130
27 104 68 131
27 102 74 98
27 100 4 163
27 99 69 144
27 100 60 95
27 98 54 121
27 101 76 154
27 104 41 137
27 100 37 53
27 101 67 69
27 100 48 85
27 99 154 167
27 100 11 55
27 101 77 165
27 102 51 131
27 98 47 96
27 102 18 141
27 99 9 21
27 101 113 152
27 102 20 101
27 102 30 133
27 103 46 159
27 104 2 39
27 101 21 145
28 97 42 128
28 100 4 95
28 101 41 135
28 102 24 43
28 99 130 193
28 102 6 202
28 99 47 131
28 99 135 197
28 99 88 93
28 99 104 146
28 97 89 176
28 99 33 147
28 100 29 120
28 102 48 123
28 104 100 200
28 103 40 69
28 101 4 110
28 98 6 145
28 100 29 71
28 100 37 58
28 103 3 197
28 104 114 163
28 104 18 77
28 103 36 98
28 102 13 73
28 100 154 191
28 102 16 170
28 102 58 138
28 101 13 184
28 98 137 155
28 100 19 74
29 99 90 205
29 101 149 167
29 97 17 128
29 100 50 154
29 100 48 228
29 101 87 194
29 102 29 149
29 99 5 62
29 103 62 148
29 97 2 55
29 100 129 161
29 101 4 127
29 104 41 74
29 98 90 193
29 98 21 59
29 96 9 89
29 103 84 144
29 105 44 153
29 99 68 226
29 99 106 205
29 99 4 108
29 103 36 99
29 100 16 83
29 102 37 133
29 98 60 191
29 102 155 227
29 103 22 89
29 100 161 222
29 98 124 163
29 98 120 208
29 100 60 174
30 99 85 161
30 102 59 172
30 103 144 161
30 103 19 110
30 98 0 57
30 103 49 72
30 101 125 209
30 101 53 178
30 100 79 88
30 101 18 207
30 102 145 197
30 99 113 155
30 96 152 199
30 100 92 165
30 100 35 187
30 100 54 185
30 95 27 178
30 96 20 69
30 100 1 64
30 99 98 205
30 101 10 101
30 100 149 169
30 100 73 199
30 96 199 209
30 96 77 184
30 100 94 212
30 98 22 111
30 99 127 149
30 100 30 119
30 104 16 99
30 102 77 177
30 97 107 158
30 102 69 108
30 101 58 127
31 101 114 143
31 99 129 166
31 101 45 192
31 103 1 184
31 100 98 187
31 102 105 187
31 102 85 161
31 101 22 105
31 98 173 176
31 100 88 108
31 99 41 106
31 101 44 118
31 100 112 128
31 99 117 156
31 99 106 111
31 100 161 194
31 99 29 161
31 102 12 164
31 100 91 93
31 103 105 161
31 99 7 195
31 99 72 193
31 99 85 157
31 101 25 161
31 101 38 76
31 100 0 192
31 98 82 158
31 103 109 182
31 100 75 185
32 101 10 108
32 97 12 37
32 99 19 59
32 102 20 164
32 102 107 165
32 101 23 48
32 99 23 48
32 101 30 129
32 99 136 143
32 99 95 111
32 99 77 143
32 100 49 138
32 100 24 100
32 101 45 144
32 100 34 116
32 104 97 125
32 104 38 123
32 101 20 91
32 101 37 68
32 103 98 162
32 97 94 134
32 103 44 77
32 101 83 152
32 99 22 78
32 100 72 146
32 98 17 138
32 99 10 106
32 104 81 145
32 101 15 122
32 100 16 75
32 103 42 108
32 101 4 33
33 98 111 119
33 98 53 165
33 102 22 55
33 97 137 168
33 102 165 176
33 102 8 76
33 103 5 94
33 101 23 186
33 101 0 51
33 100 70 117
33 101 84 166
33 106 21 130
33 102 16 75
33 99 21 53
33 100 36 104
33 102 27 89
33 103 23 112
33 104 22 101
33 99 131 185
33 101 5 128
33 101 80 139
33 100 36 175
33 98 161 190
34 101 140 205
34 102 53 182
34 102 80 114
34 102 67 141
34 99 44 111
34 102 109 118
34 99 30 151
34 101 78 197
34 94 22 198
34 100 34 81
34 102 54 169
34 101 142 186
34 101 8 93
34 101 49 160
34 102 128 205
34 101 1 172
34 100 14 105
34 104 45 125
34 101 52 134
34 99 14 62
34 96 128 189
34 100 61 148
34 101 22 129
34 100 17 112
34 105 16 57
34 102 68 190
34 101 14 70
34 101 56 186
34 99 63 183
34 101 63 168
34 100 65 148
35 100 148 189
35 105 72 125
35 103 45 156
35 99 30 126
35 98 160 167
35 100 39 138
35 102 24 70
35 103 35 144
35 100 88 194
35 101 36 170
35 101 22 51
35 99 27 114
35 100 35 136
35 101 3 195
35 99 7 53
35 98 30 175
35 103 33 103
35 98 51 145
35 101 64 126
35 101 97 143
35 99 138 173
35 102 26 158
35 100 27 106
35 104 24 79
35 98 8 78
35 98 83 149
35 99 40 172
36 104 158 190
36 96 57 101
36 100 156 212
36 99 11 94
36 98 39 138
36 98 66 106
36 98 82 120
36 100 151 210
36 99 66 144
36 100 192 208
36 99 80 123
36 99 59 145
36 98 190 191
36 99 34 123
36 96 24 204
36 99 28 190
36 99 100 148
36 98 80 132
36 105 126 178
36 98 7 72
36 98 122 138
36 101 109 172
36 99 32 209
36 101 185 209
36 99 13 122
36 101 10 136
36 98 153 216
36 100 81 200
36 100 94 124
37 98 75 127
37 100 48 85
37 100 131 189
37 101 89 126
37 100 67 131
37 98 58 133
37 101 2 142
37 99 88 123
37 99 81 121
37 102 127 149
37 101 57 195
37 97 133 184
37 96 19 72
37 102 11 114
37 100 186 191
37 103 50 147
37 100 24 201
37 98 44 110
37 99 0 208
37 101 95 113
37 102 75 140
37 101 61 180
37 99 183 196
37 101 88 122
38 98 97 180
38 99 76 169
38 103 140 167
38 100 87 179
38 102 5 132
38 98 53 138
38 100 18 95
38 95 157 170
38 101 25 122
38 101 56 125
38 101 76 109
38 99 95 172
38 99 44 124
38 97 77 146
38 98 90 135
38 102 17 115
38 100 5 179
38 99 110 119
38 97 16 43
38 102 22 174
38 100 34 155
38 99 58 84
38 103 62 142
38 101 25 159
38 99 93 156
38 100 93 169
39 99 143 161
39 98 12 139
39 101 58 153
39 99 4 166
39 99 17 76
39 103 32 96
39 100 37 136
39 103 105 178
39 101 57 69
39 99 136 164
39 102 86 191
39 97 144 198
39 98 7 101
39 97 43 179
39 99 118 201
39 98 134 138
39 99 117 147
39 99 11 128
39 100 75 143
39 98 40 52
39 102 116 192
39 98 73 114
39 103 37 126
39 100 99 164
39 101 11 182
39 98 7 203
39 101 37 86
39 102 117 133
39 96 96 125
39 98 0 116
40 103 22 76
40 98 148 167
40 103 28 193
40 97 37 151
40 103 78 177
40 99 158 182
40 104 89 198
40 101 0 196
40 97 20 139
40 100 147 167
40 102 27 129
40 96 21 47
40 103 120 151
40 101 37 117
40 103 155 177
40 102 14 131
40 99 10 152
40 99 10 161
40 103 79 155
40 101 72 167
40 99 29 100
40 100 25 146
40 99 91 104
40 103 193 196
40 101 117 187
40 101 30 46
40 102 18 152
40 98 30 57
40 101 30 103
41 96 48 163
41 101 15 120
41 102 30 177
41 101 39 175
41 96 89 154
41 102 87 129
41 101 6 145
41 98 87 171
41 101 129 181
41 103 102 181
41 101 49 94
41 101 25 85
41 102 52 180
41 100 38 99
41 102 108 113
41 100 57 162
41 99 14 41
41 98 53 69
41 101 162 169
41 94 6 120
41 101 57 103
41 100 155 157
41 99 88 143
41 98 32 45
41 98 33 116
41 101 12 155
41 97 15 81
41 100 20 75
42 99 22 54
42 100 105 166
42 99 53 136
42 101 4 155
42 98 3 12
42 98 61 128
42 102 13 118
42 98 45 128
42 102 58 69
42 102 59 61
42 104 108 141
42 102 66 174
42 100 24 39
42 97 54 55
42 102 96 171
42 98 38 142
42 102 114 127
42 102 49 67
42 100 89 158
42 100 21 143
42 100 68 96
42 103 45 161
42 98 24 136
42 99 38 156
42 102 9 117
43 98 38 180
43 101 155 192
43 100 37 110
43 101 90 133
43 100 58 103
43 98 82 109
43 101 106 142
43 101 109 194
43 101 87 184
43 103 116 196
43 101 114 186
43 101 145 193
43 101 54 163
43 97 37 156
43 101 11 34
43 100 54 166
43 103 155 199
43 100 115 138
43 102 119 203
43 100 128 184
43 100 13 108
43 99 114 165
43 100 79 106
43 100 95 173
43 98 37 193
43 104 110 184
43 101 118 125
43 99 123 206
43 100 138 186
43 99 101 146
43 96 77 82
43 99 35 197
44 98 15 163
44 101 38 111
44 101 96 150
44 103 48 161
44 101 34 129
44 102 50 113
44 100 19 33
44 98 17 169
44 104 14 168
44 98 2 38
44 102 56 122
44 99 66 135
44 98 98 182
44 101 31 165
44 106 34 157
44 96 72 133
44 106 10 138
44 102 5 182
44 98 9 160
44 100 0 182
44 101 86 135
44 102 79 85
44 101 84 157
44 105 31 163
44 97 11 12
44 97 93 178
44 99 56 99
44 96 7 141
44 98 77 176
44 100 61 93
45 100 35 160
45 99 71 166
45 99 128 178
45 102 11 111
45 100 55 93
45 97 62 97
45 98 63 111
45 102 12 167
45 102 14 153
45 99 108 157
45 100 40 147
45 101 23 159
45 99 78 125
45 102 49 93
45 101 15 60
45 102 42 184
45 99 82 162
45 96 87 171
45 100 85 98
45 100 72 182
45 98 65 178
45 100 82 181
45 101 11 172
45 95 17 72
45 101 7 67
45 103 11 131
45 103 86 117
46 99 11 56
46 100 143 241
46 99 26 136
46 100 195 205
46 100 123 141
46 101 86 105
46 104 46 133
46 99 89 158
46 102 22 50
46 101 117 218
46 101 63 162
46 101 64 219
46 100 59 78
46 102 161 202
46 102 55 135
46 101 33 106
46 98 6 22
46 98 1 6
46 103 198 213
46 102 89 179
46 100 4 184
46 99 98 218
46 94 95 194
46 100 19 170
46 99 14 110
46 100 71 169
46 99 110 200
46 101 59 208
46 104 7 205
47 101 17 123
47 101 22 141
47 100 87 127
47 101 2 90
47 101 32 187
47 96 72 149
47 96 132 143
47 104 25 149
47 102 17 186
47 99 19 43
47 99 42 83
47 100 161 193
47 103 127 145
47 97 67 124
47 97 118 155
47 99 134 186
47 99 50 85
47 99 39 154
47 100 27 155
47 103 65 167
47 98 68 135
47 103 87 131
47 99 93 125
47 96 44 86
47 103 42 175
47 100 115 192
47 101 5 75
47 99 26 188
47 102 67 171
47 103 102 187
47 101 66 146
48 100 111 118
48 98 148 162
48 102 47 140
48 103 117 156
48 100 50 144
48 101 2 49
48 99 2 165
48 103 36 37
48 101 30 90
48 98 82 105
48 98 66 89
48 100 4 63
48 102 55 120
48 99 46 159
48 99 72 145
48 100 4 89
48 96 7 86
48 102 56 172
48 93 19 139
48 100 32 98
48 100 73 164
48 102 22 151
48 97 75 119
48 97 54 158
49 100 19 32
49 99 145 152
49 102 125 138
49 97 6 31
49 99 130 159
49 103 34 144
49 98 60 125
49 99 129 132
49 103 71 160
49 99 9 63
49 99 25 137
49 97 55 103
49 99 19 50
49 98 6 102
49 98 15 103
49 98 19 158
49 101 41 158
49 98 0 149
49 101 1 114
49 103 35 100
49 99 30 97
49 99 9 68
49 101 73 92
49 100 4 145
50 99 64 121
50 102 57 76
50 100 96 160
50 99 22 154
50 100 131 147
50 101 29 102
50 96 0 33
50 100 43 166
50 101 89 168
50 104 147 161
50 98 11 83
50 100 48 54
50 98 133 157
50 99 39 146
50 101 29 102
50 98 16 102
50 104 36 125
50 100 69 131
50 102 7 162
50 102 91 170
50 97 28 131
50 100 126 134
50 99 7 101
50 100 90 132
50 101 58 167
50 103 101 160
50 102 31 130
50 100 47 64
51 101 45 154
51 101 22 115
51 99 83 124
51 103 5 93
51 98 53 101
51 100 45 129
51 99 5 162
51 102 29 61
51 101 103 142
51 104 172 174
51 101 0 144
51 99 29 124
51 101 136 146
51 101 51 136
51 102 42 145
51 98 38 96
51 101 6 85
51 99 29 77
51 98 91 170
51 100 38 106
51 99 20 131
51 100 120 128
51 103 18 101
51 101 29 106
51 99 78 125
51 100 75 140
51 99 115 177
52 101 12 83
52 98 12 87
52 100 28 110
52 99 138 143
52 102 76 136
52 96 67 142
52 99 39 53
52 101 36 174
52 96 126 136
52 103 59 162
52 101 78 154
52 98 31 64
52 99 0 178
52 104 39 167
52 101 90 148
52 100 12 92
52 97 9 164
52 102 95 134
52 99 20 130
52 101 7 100
52 98 25 68
52 100 23 93
52 99 21 58
52 101 9 48
52 100 25 147
52 95 3 128
52 101 112 151
52 98 61 173
52 102 83 112
52 102 82 91
52 96 71 172
53 101 18 58
53 101 84 103
53 98 13 34
53 101 30 131
53 103 36 104
53 101 33 103
53 99 6 49
53 102 12 109
53 99 24 119
53 100 11 98
53 103 15 129
53 99 44 118
53 101 1 121
53 102 28 124
53 101 24 53
53 99 60 69
53 101 0 116
53 100 63 102
53 101 53 95
53 99 104 122
53 99 6 120
53 105 33 91
53 96 47 120
54 98 208 219
54 102 83 216
54 98 55 174
54 97 26 149
54 103 36 146
54 100 29 91
54 99 39 149
54 99 110 196
54 99 178 223
54 99 46 153
54 96 108 175
54 101 64 144
54 102 178 207
54 99 2 64
54 104 67 168
54 99 16 104
54 102 27 109
54 99 189 224
54 101 38 165
54 97 52 202
54 97 46 106
54 99 7 111
55 100 42 50
55 99 146 199
55 103 119 214
55 101 53 103
55 101 19 68
55 97 101 184
55 102 73 211
55 100 184 202
55 99 25 87
55 96 100 146
55 98 74 204
55 99 128 188
55 101 95 133
55 100 88 92
55 102 9 94
55 98 23 118
55 100 2 86
55 98 54 183
55 100 49 86
55 99 149 215
55 101 158 215
55 101 107 200
55 96 21 55
55 104 155 180
55 99 119 195
55 101 50 187
55 101 45 108
55 100 59 103
55 99 95 125
55 98 114 149
55 102 100 102
55 99 17 180
55 100 12 79
56 101 6 32
56 100 14 105
56 98 4 29
56 99 65 100
56 100 87 171
56 95 0 202
56 97 40 114
56 101 40 174
56 102 92 188
56 100 6 102
56 102 23 170
56 99 26 53
56 98 111 152
56 100 80 180
56 99 4 69
56 103 14 41
56 99 66 85
56 99 178 190
56 101 45 176
56 100 139 172
56 100 17 61
56 100 104 110
56 100 50 174
56 101 25 80
56 97 60 157
56 102 104 138
56 98 110 179
56 98 74 125
57 100 97 113
57 99 60 96
57 96 197 230
57 99 53 187
57 102 34 165
57 101 48 204
57 101 51 103
57 103 153 185
57 99 50 104
57 98 20 232
57 102 25 162
57 103 8 68
57 101 47 151
57 99 67 193
57 101 185 228
57 100 154 183
57 100 201 208
57 102 34 134
57 104 28 93
57 100 128 232
57 99 4 159
57 99 17 121
57 102 101 207
57 100 125 179
57 103 54 159
57 97 31 194
57 100 36 215
57 98 43 173
57 103 91 224
58 97 104 178
58 97 112 160
58 103 55 164
58 99 10 136
58 101 76 162
58 98 134 162
58 100 108 179
58 99 51 120
58 101 15 151
58 101 77 186
58 101 4 14
58 101 94 98
58 100 1 88
58 99 5 131
58 102 115 164
58 99 53 147
58 100 118 182
58 101 69 144
58 100 100 135
58 99 23 84
58 99 107 168
58 104 45 177
58 99 54 187
58 99 59 109
58 100 37 177
58 98 25 72
58 103 77 119
58 102 10 172
59 101 119 175
59 101 124 206
59 100 93 168
59 95 44 179
59 102 24 97
59 98 53 141
59 94 92 119
59 100 4 72
59 106 85 151
59 104 37 120
59 102 8 76
59 100 148 201
59 101 90 125
59 100 175 198
59 100 159 222
59 105 12 89
59 102 96 217
59 100 18 184
59 106 122 194
59 102 112 219
59 98 125 156
59 103 29 67
59 101 124 166
59 101 9 127
59 100 117 166
59 99 22 140
59 99 66 157
59 99 10 49
59 101 139 219
59 100 12 48
59 102 92 145
59 100 95 128
59 98 0 23
59 98 192 206
59 102 75 105
59 99 16 120
59 99 44 167
59 98 112 215
60 101 22 190
60 98 54 183
60 102 2 134
60 103 5 71
60 103 48 108
60 102 86 105
60 99 92 114
60 100 102 103
60 101 17 62
60 97 45 91
60 101 46 167
60 98 124 181
60 101 14 133
60 101 1 67
60 99 82 192
60 101 21 79
60 102 66 93
60 101 46 171
60 98 67 138
60 102 43 148
60 100 0 24
60 101 37 62
60 101 95 172
60 99 41 57
60 95 5 138
60 97 83 118
60 99 111 186
60 101 45 72
60 97 131 164
60 102 95 109
60 102 43 131
61 101 24 60
61 97 122 148
61 101 51 214
61 95 104 177
61 101 87 208
61 98 2 63
61 101 99 133
61 100 160 169
61 100 12 167
61 98 59 107
61 103 67 129
61 97 88 118
61 98 30 54
61 96 86 171
61 99 77 206
61 102 85 147
61 102 1 108
61 104 34 202
61 98 124 172
61 98 81 100
61 102 140 184
61 99 30 160
61 99 24 145
61 102 26 75
61 100 47 148
61 101 5 188
61 99 120 182
61 103 78 111
61 102 167 194
62 103 7 88
62 100 75 120
62 100 5 159
62 101 112 120
62 105 73 179
62 103 129 155
62 98 18 175
62 100 27 150
62 103 5 120
62 98 139 153
62 100 79 150
62 101 78 154
62 98 15 85
62 95 72 146
62 98 49 78
62 99 63 81
62 97 46 81
62 99 89 162
62 104 23 114
62 100 68 117
62 104 10 145
62 98 52 144
62 101 6 84
62 102 20 142
62 101 17 126
62 99 131 162
62 104 7 138
62 101 128 140
62 95 77 165
62 99 19 177
62 102 21 127
62 99 89 102
63 98 176 191
63 100 117 185
63 99 4 203
63 102 54 134
63 102 10 119
63 99 25 117
63 101 110 203
63 99 106 150
63 99 92 174
63 98 89 177
63 101 62 143
63 99 43 150
63 98 109 175
63 101 49 107
63 99 71 169
63 99 90 178
63 97 22 166
63 101 109 141
63 100 42 47
63 103 89 184
63 98 51 165
63 100 72 194
63 104 125 184
63 98 11 164
63 100 15 148
63 103 38 107
63 101 3 102
63 99 122 195
64 99 55 140
64 101 61 144
64 98 44 81
64 102 55 130
64 96 7 165
64 98 79 149
64 102 37 106
64 99 19 151
64 98 60 179
64 100 145 159
64 102 10 177
64 101 17 126
64 100 56 154
64 100 4 106
64 100 0 31
64 101 20 83
64 100 26 172
64 100 2 144
64 101 53 100
64 96 57 67
64 99 90 146
64 97 7 96
64 99 7 95
64 103 72 115
64 101 5 98
64 103 124 181
64 105 115 137
64 99 59 162
64 101 44 146
64 104 60 143
65 101 69 116
65 98 73 162
65 101 73 158
65 100 33 122
65 98 63 69
65 96 100 155
65 98 61 157
65 104 57 106
65 102 56 58
65 98 28 127
65 98 24 140
65 99 53 125
65 98 51 112
65 99 7 107
65 100 54 121
65 103 117 151
65 99 60 87
65 102 42 154
65 101 6 12
65 102 19 146
65 99 28 45
65 103 29 127
65 103 2 144
65 103 60 165
65 101 88 125
65 103 8 61
65 98 7 124
65 99 1 148
66 101 60 190
66 96 22 148
66 102 16 165
66 98 59 169
66 96 7 163
66 99 121 176
66 103 18 154
66 101 41 120
66 104 14 107
66 98 162 173
66 101 94 211
66 100 120 187
66 101 40 115
66 97 157 167
66 104 155 208
66 100 53 75
66 101 45 195
66 100 122 188
66 98 118 205
66 97 67 205
66 98 128 188
66 102 27 97
66 103 29 170
66 97 87 214
66 97 44 124
66 103 96 188
66 101 3 169
66 98 79 183
66 99 54 215
66 107 66 171
66 99 114 204
66 102 80 170
66 100 42 171
66 101 2 48
66 104 35 49
67 100 47 129
67 97 86 166
67 102 58 193
67 102 96 163
67 98 7 59
67 99 164 181
67 102 74 175
67 98 33 38
67 99 49 202
67 101 146 182
67 102 89 174
67 101 54 137
67 103 33 104
67 100 29 120
67 101 36 173
67 102 52 202
67 100 32 54
67 101 112 180
67 99 138 207
67 101 9 180
67 98 146 192
67 100 172 211
67 98 122 208
67 96 2 104
67 99 36 178
67 101 24 204
67 101 129 147
67 98 66 206
67 97 28 73
68 101 120 177
68 102 56 115
68 96 19 183
68 99 16 43
68 97 25 170
68 100 97 164
68 98 10 140
68 102 5 118
68 100 35 69
68 98 41 88
68 98 17 119
68 96 19 175
68 101 165 181
68 97 4 60
68 101 51 92
68 98 41 141
68 101 69 123
68 99 4 81
68 103 8 171
68 102 14 110
68 101 16 137
68 102 147 148
68 100 67 143
68 97 143 165
68 100 18 103
69 101 18 205
69 103 28 152
69 100 4 71
69 102 46 147
69 100 5 58
69 100 33 91
69 102 82 186
69 103 3 30
69 99 51 81
69 98 76 140
69 100 51 123
69 101 2 40
69 102 90 146
69 101 76 139
69 98 18 19
69 99 46 119
69 101 47 106
69 103 66 139
69 100 96 122
69 101 11 76
69 100 79 176
69 100 3 118
69 102 43 156
70 100 141 198
70 98 146 191
70 97 85 123
70 100 71 202
70 99 14 104
70 102 51 165
70 101 134 152
70 104 114 215
70 101 14 50
70 99 12 197
70 99 112 188
70 98 11 85
70 96 6 169
70 99 89 111
70 101 54 81
70 96 65 165
70 101 140 223
70 99 26 140
70 99 71 80
70 98 117 153
70 96 104 154
70 103 46 79
70 102 38 73
70 100 46 130
70 102 19 138
70 101 46 67
70 98 119 229
70 100 28 138
70 101 2 154
70 101 77 153
70 96 82 138
70 97 85 95
70 99 81 105
71 99 68 204
71 100 67 129
71 100 169 180
71 100 22 28
71 104 13 46
71 99 80 141
71 97 67 156
71 99 135 139
71 98 56 98
71 101 23 78
71 102 17 123
71 103 16 149
71 98 45 186
71 97 115 209
71 99 47 130
71 97 11 172
71 97 11 108
71 97 31 140
71 101 47 154
71 102 32 104
71 102 28 175
71 102 116 195
71 99 64 102
71 99 89 199
71 99 31 137
71 101 4 157
72 97 64 84
72 97 32 59
72 100 54 110
72 101 102 167
72 102 112 136
72 100 62 186
72 101 26 81
72 101 41 152
72 102 72 98
72 100 20 209
72 100 32 109
72 103 45 217
72 99 26 113
72 101 27 100
72 101 23 51
72 100 14 54
72 94 130 185
72 103 61 190
72 100 105 198
72 99 98 210
72 99 10 191
72 98 99 158
72 97 65 179
72 105 185 227
72 102 129 210
72 98 168 208
72 98 37 106
72 100 11 182
72 100 74 153
72 99 8 10
73 102 27 176
73 98 0 35
73 100 146 150
73 104 97 117
73 104 37 125
73 100 16 34
73 98 128 140
73 105 127 156
73 97 90 165
73 102 41 98
73 103 17 63
73 94 99 140
73 103 30 159
73 101 67 163
73 100 52 137
73 99 60 166
73 97 67 132
73 101 108 173
73 102 53 73
73 102 17 58
73 101 47 104
73 102 4 56
73 100 2 84
73 100 139 180
73 99 46 66
73 99 85 165
73 97 4 180
73 101 16 53
73 102 45 138
74 97 19 41
74 99 95 117
74 101 14 109
74 98 26 102
74 97 13 110
74 100 34 95
74 99 67 154
74 101 23 88
74 104 3 176
74 98 7 54
74 101 0 19
74 98 47 125
74 101 10 157
74 103 70 137
74 102 118 159
74 97 28 141
74 101 11 134
74 98 11 158
74 99 123 169
74 100 44 151
74 100 104 165
74 98 36 162
74 99 129 164
74 99 122 152
74 99 44 155
74 101 127 157
74 99 72 73
74 102 50 169
74 99 63 77
74 99 81 103
74 101 5 145
74 102 42 113
74 99 10 100
75 97 7 175
75 99 89 107
75 100 63 145
75 98 9 169
75 98 80 128
75 100 65 81
75 98 84 98
75 101 65 186
75 100 65 117
75 100 17 133
75 99 10 118
75 103 173 179
75 97 18 89
75 98 83 186
75 101 132 166
75 100 85 147
75 100 121 133
75 97 5 142
75 97 72 126
75 99 14 181
75 99 1 188
75 102 37 54
75 100 40 147
75 98 7 176
75 101 9 130
75 100 24 55
75 101 48 97
75 102 122 128
75 97 60 129
75 102 27 188
75 102 28 94
76 102 120 146
76 98 125 184
76 96 114 205
76 101 105 123
76 104 162 197
76 99 78 157
76 100 79 151
76 99 140 201
76 98 9 77
76 100 158 201
76 103 144 203
76 101 41 81
76 101 74 186
76 105 126 171
76 102 129 137
76 104 25 28
76 99 104 143
76 101 119 173
76 98 38 65
76 102 39 128
76 99 17 143
76 98 81 126
76 100 158 196
76 102 46 167
76 101 93 200
76 97 18 188
76 98 19 76
76 103 31 160
77 100 149 209
77 98 121 150
77 98 95 96
77 99 3 93
77 99 91 163
77 100 166 192
77 99 105 146
77 102 86 141
77 99 101 173
77 101 174 200
77 101 145 199
77 102 74 106
77 100 162 169
77 100 36 189
77 100 132 173
77 99 98 159
77 96 201 208
77 101 34 133
77 100 33 50
77 102 105 206
77 104 109 130
77 97 56 185
77 104 31 179
77 99 107 204
77 101 47 67
77 99 85 157
77 96 10 134
77 99 21 49
78 103 56 107
78 104 49 114
78 100 16 173
78 95 15 115
78 98 30 85
78 102 36 123
78 102 54 155
78 97 162 163
78 98 29 163
78 101 37 124
78 101 28 83
78 97 79 176
78 104 56 107
78 101 45 90
78 99 147 172
78 98 34 141
78 97 93 144
78 103 5 167
78 101 68 121
78 98 106 168
78 99 16 113
78 101 116 122
78 98 21 39
78 102 26 112
78 101 0 180
78 101 144 178
79 100 59 92
79 102 57 72
79 103 9 148
79 98 18 104
79 100 98 120
79 99 0 29
79 100 35 99
79 98 26 49
79 103 46 55
79 102 22 84
79 100 18 48
79 99 22 144
79 98 9 157
79 100 4 58
79 101 98 113
79 103 53 118
79 101 47 83
79 101 10 143
79 100 1 154
79 100 41 144
79 101 89 156
79 97 51 71
79 98 14 100
79 99 13 157
79 102 14 133
79 101 80 132
79 102 9 136
80 102 9 100
80 102 90 158
80 99 90 196
80 101 162 192
80 99 26 86
80 100 114 188
80 100 13 154
80 99 108 148
80 102 12 106
80 97 59 183
80 101 10 50
80 98 137 190
80 101 86 149
80 101 86 147
80 100 2 103
80 99 96 153
80 103 118 171
80 99 46 190
80 102 133 154
80 99 38 208
80 95 15 132
80 99 94 149
80 98 128 152
80 101 80 163
80 100 154 163
80 99 70 190
80 97 44 117
80 102 93 206
80 100 96 209
80 100 90 101
80 101 15 26
81 100 82 91
81 97 25 45
81 99 63 126
81 99 76 118
81 101 29 165
81 101 47 66
81 100 9 176
81 98 34 164
81 101 6 110
81 97 4 163
81 98 49 156
81 100 6 84
81 99 61 145
81 100 83 136
81 101 48 141
81 103 141 165
81 100 113 169
81 96 23 127
81 99 34 189
81 97 11 117
81 98 100 122
81 100 93 151
81 100 51 164
81 100 24 126
81 102 47 159
81 99 32 174
82 98 33 153
82 100 57 114
82 98 52 144
82 99 59 180
82 105 111 174
82 99 98 137
82 104 82 98
82 99 47 124
82 101 148 157
82 101 109 152
82 97 91 96
82 102 59 62
82 99 109 180
82 100 66 87
82 95 84 86
82 99 87 151
82 96 7 104
82 98 3 184
82 100 73 182
82 102 44 147
82 100 2 134
82 101 58 184
82 100 39 121
82 103 100 131
82 105 41 106
82 100 94 144
82 100 3 126
82 103 118 160
83 101 14 131
83 98 15 122
83 97 108 131
83 101 51 174
83 101 15 136
83 101 64 159
83 103 105 126
83 101 5 37
83 100 48 110
83 99 61 110
83 102 102 157
83 103 11 177
83 97 83 186
83 102 108 196
83 98 15 134
83 99 91 169
83 102 100 165
83 101 100 133
83 104 128 168
83 99 90 168
83 99 72 160
83 103 127 170
83 98 7 76
83 102 186 194
83 99 108 177
83 97 36 78
83 98 129 161
83 100 80 85
84 95 4 125
84 104 37 120
84 100 35 147
84 103 51 88
84 102 10 43
84 97 68 75
84 99 7 41
84 97 77 134
84 97 62 133
84 102 60 78
84 99 48 86
84 102 44 151
84 99 60 83
84 100 74 125
84 96 70 124
84 101 45 67
84 101 0 121
84 100 15 65
84 102 103 106
84 98 26 135
84 101 76 86
84 95 61 122
84 102 84 109
84 100 81 112
84 102 9 118
84 97 53 59
84 101 37 91
84 98 10 150
84 96 74 94
84 98 0 128
84 101 40 143
84 101 19 100
84 99 18 77
84 102 59 95
85 101 26 115
85 102 74 85
85 101 11 128
85 99 108 187
85 98 14 106
85 103 9 111
85 96 33 138
85 102 10 142
85 100 53 177
85 102 192 193
85 100 41 174
85 99 168 174
85 100 53 116
85 100 99 145
85 101 57 94
85 101 87 109
85 102 54 173
85 102 42 159
85 99 69 195
85 101 153 190
85 99 43 186
85 99 18 110
85 101 106 144
85 98 120 147
85 98 16 79
85 100 43 171
85 99 89 178
85 98 120 159
85 100 37 76
85 99 83 153
85 101 27 190
85 101 88 136
85 97 139 177
86 99 144 180
86 104 111 198
86 98 31 103
86 99 31 61
86 99 151 195
86 100 87 93
86 99 157 198
86 101 111 177
86 100 27 193
86 100 1 62
86 99 102 195
86 97 31 131
86 102 204 224
86 99 143 145
86 97 100 131
86 100 118 188
86 102 93 218
86 100 17 199
86 98 139 177
86 100 173 220
86 101 61 141
86 99 97 140
86 102 25 110
86 98 147 206
86 97 127 190
86 99 18 97
86 104 59 105
86 99 126 216
86 96 168 179
86 99 38 156
86 102 34 161
87 101 49 156
87 100 5 13
87 101 18 47
87 102 30 171
87 102 57 172
87 103 16 56
87 100 98 147
87 101 65 81
87 101 96 185
87 97 52 124
87 99 118 157
87 101 48 181
87 101 9 168
87 101 129 183
87 99 80 172
87 99 69 186
87 99 141 187
87 100 55 191
87 101 14 109
87 101 26 106
87 106 17 146
87 102 95 113
87 98 66 179
87 98 103 161
87 102 71 171
87 101 13 177
87 100 70 145
87 97 47 168
87 99 107 182
87 101 136 197
88 101 1 187
88 98 123 187
88 102 38 109
88 100 69 154
88 101 5 124
88 99 59 178
88 97 14 49
88 102 108 159
88 102 99 154
88 101 76 108
88 100 25 121
88 100 29 171
88 100 65 78
88 104 1 179
88 101 8 186
88 96 67 73
88 102 105 173
88 102 149 182
88 101 7 102
88 99 10 110
88 99 24 124
88 101 97 175
88 101 111 143
88 98 14 70
88 103 81 181
88 99 37 152
88 102 8 70
88 99 48 104
88 100 115 169
88 102 51 184
88 100 27 139
89 100 76 122
89 98 12 69
89 100 90 180
89 102 138 163
89 98 3 79
89 98 63 132
89 100 62 161
89 99 87 168
89 100 36 163
89 98 87 95
89 100 85 122
89 101 0 195
89 98 143 152
89 99 37 137
89 103 7 36
89 99 86 186
89 102 61 159
89 102 103 192
89 100 43 114
89 102 66 160
89 101 72 140
89 103 0 24
89 100 153 197
89 98 41 95
89 101 122 147
89 99 11 144
89 103 56 106
90 99 54 176
90 103 129 148
90 98 137 177
90 99 155 175
90 103 8 102
90 100 43 132
90 100 18 141
90 100 28 107
90 102 17 55
90 97 71 127
90 99 19 91
90 102 55 121
90 102 36 166
90 101 69 182
90 102 101 164
90 99 34 136
90 97 115 136
90 97 164 176
90 98 127 185
90 100 76 173
90 98 82 135
90 103 63 107
90 103 50 105
90 100 66 137
90 99 3 108
90 100 35 73
90 106 80 166
90 98 9 104
90 99 144 192
90 104 138 174
90 99 56 141
90 97 8 97
90 99 148 179
90 101 45 165
91 99 54 165
91 101 42 181
91 98 26 74
91 101 40 102
91 99 110 150
91 103 80 166
91 102 25 71
91 98 32 56
91 100 12 24
91 98 13 130
91 99 8 150
91 99 59 127
91 99 82 194
91 101 25 187
91 100 141 182
91 104 60 163
91 101 56 150
91 99 112 170
91 97 20 95
91 100 19 58
91 101 70 80
91 100 97 179
91 101 79 95
91 100 74 162
91 99 113 192
91 102 32 86
91 104 115 159
91 97 108 184
91 99 25 109
92 102 7 92
92 98 111 118
92 100 72 87
92 103 11 85
92 96 42 95
92 100 65 155
92 99 30 154
92 101 45 159
92 102 27 143
92 100 63 104
92 99 68 145
92 99 55 86
92 95 43 156
92 99 76 149
92 99 96 169
92 98 32 137
92 99 16 108
92 99 102 133
92 101 26 112
92 100 54 174
92 98 99 136
92 102 46 68
92 99 41 89
92 100 132 199
92 102 68 116
92 103 133 167
92 101 7 198
92 100 78 118
92 99 94 145
92 103 52 181
92 101 59 172
92 101 60 146
92 101 117 155
92 99 116 186
92 100 114 132
92 100 72 151
92 100 8 149
92 100 146 164
93 100 107 154
93 102 52 175
93 99 66 137
93 100 51 116
93 103 31 119
93 101 71 147
93 99 43 170
93 101 8 183
93 100 61 123
93 105 0 191
93 104 39 100
93 101 96 189
93 105 93 127
93 101 103 136
93 103 81 145
93 99 4 73
93 97 41 116
93 98 149 185
93 99 25 70
93 98 59 113
93 101 67 111
93 100 25 160
93 100 28 118
93 98 43 176
93 104 20 72
93 97 60 161
93 98 14 149
93 101 18 180
93 97 176 181
93 99 86 151
93 100 78 170
93 102 76 117
93 102 104 176
94 98 11 157
94 98 14 73
94 102 71 122
94 101 113 162
94 96 44 78
94 101 20 58
94 102 23 90
94 102 27 33
94 103 62 159
94 98 7 94
94 99 42 153
94 100 35 172
94 96 137 177
94 100 118 149
94 97 76 153
94 104 56 189
94 101 67 155
94 100 69 95
94 99 137 193
94 98 64 167
94 97 112 135
94 98 7 152
94 102 9 63
94 99 98 131
94 101 54 168
94 99 101 172
94 101 8 153
94 100 40 170
94 101 150 194
94 101 0 140
94 100 72 166
95 98 30 70
95 102 26 114
95 97 39 136
95 98 49 166
95 97 108 142
95 101 86 112
95 101 156 164
95 100 109 125
95 101 13 16
95 100 114 177
95 101 87 192
95 101 144 227
95 97 3 99
95 100 72 188
95 102 4 17
95 104 14 57
95 98 0 103
95 101 6 84
95 100 26 148
95 101 152 196
95 103 81 205
95 96 145 229
95 102 72 148
95 99 152 183
95 101 60 131
95 102 108 213
95 98 101 175
95 100 130 191
95 97 16 40
95 98 157 177
96 100 32 120
96 96 131 173
96 101 50 175
96 101 22 126
96 102 39 163
96 98 34 135
96 97 3 103
96 101 59 154
96 101 131 149
96 99 21 95
96 101 21 142
96 99 115 134
96 101 101 124
96 99 88 106
96 102 41 71
96 101 143 153
96 100 55 81
96 98 65 165
96 96 95 160
96 99 22 90
96 99 89 125
96 104 10 144
96 98 21 114
96 100 96 131
96 102 95 152
96 100 132 134
96 98 46 145
96 97 111 177
96 102 59 131
96 98 98 107
97 99 48 185
97 99 72 146
97 104 82 185
97 99 128 204
97 98 72 158
97 100 9 106
97 98 140 158
97 101 38 162
97 100 113 207
97 101 36 149
97 100 16 36
97 101 200 209
97 99 111 113
97 101 91 128
97 101 51 148
97 101 38 207
97 101 60 96
97 100 119 206
97 99 109 196
97 101 1 123
97 99 0 108
97 101 6 125
97 100 78 129
97 101 178 213
97 103 90 141
97 102 20 174
97 99 19 59
98 100 13 152
98 97 75 133
98 100 90 162
98 99 14 60
98 98 96 181
98 102 27 104
98 99 1 88
98 101 1 50
98 94 20 164
98 102 32 132
98 103 48 151
98 102 14 79
98 101 80 196
98 102 62 76
98 102 10 98
98 102 43 98
98 99 118 161
98 99 85 114
98 99 13 53
98 104 101 182
98 99 49 187
98 98 123 178
98 101 11 125
98 101 48 154
98 102 134 172
99 102 51 116
99 99 14 90
99 104 77 184
99 103 29 71
99 100 50 83
99 98 102 160
99 102 67 156
99 99 105 194
99 101 62 179
99 99 23 143
99 103 8 24
99 98 27 129
99 99 28 125
99 99 183 208
99 98 136 209
99 102 148 179
99 101 65 137
99 96 10 75
99 103 36 181
99 99 50 159
99 102 38 102
99 98 148 161
99 99 45 191
99 99 89 98
99 98 53 189
99 100 104 186
99 96 41 152
99 101 69 207
99 100 63 137
99 99 127 185
99 99 2 84
99 99 106 130
99 101 81 100
