0 102 35 246
0 98 57 229
0 102 90 226
0 103 9 229
0 103 140 305
0 100 12 101
0 100 50 98
0 103 87 303
0 99 12 125
0 101 140 236
0 98 49 314
0 101 274 280
0 101 199 256
0 97 208 262
0 98 156 304
0 103 227 283
0 99 63 309
0 99 105 281
0 104 290 345
0 101 110 285
0 99 170 295
0 99 51 133
0 99 40 140
0 101 101 188
0 99 151 242
0 101 204 335
0 100 54 155
0 101 115 249
0 99 56 180
0 103 295 335
1 97 290 293
1 98 25 193
1 104 23 253
1 101 31 137
1 99 70 247
1 101 11 201
1 101 152 307
1 100 48 187
1 98 10 40
1 102 153 171
1 100 78 82
1 103 76 201
1 99 24 203
1 103 123 306
1 98 79 301
1 101 77 234
1 97 99 268
1 98 114 298
1 102 8 304
1 100 180 300
1 103 201 282
1 99 84 132
1 103 276 306
1 103 94 190
1 98 129 269
1 98 185 275
1 103 74 91
1 102 59 264
2 100 19 286
2 100 210 287
2 98 193 283
2 99 98 187
2 100 99 324
2 97 46 159
2 100 45 112
2 98 56 225
2 100 10 72
2 101 15 164
2 99 53 191
2 102 116 129
2 103 149 286
2 100 18 76
2 101 198 250
2 98 48 110
2 100 177 183
2 98 185 325
2 95 111 265
2 100 6 38
2 101 116 274
2 100 46 287
2 101 91 217
2 98 51 239
2 97 172 245
2 97 142 283
2 96 40 212
2 101 115 153
2 100 131 234
2 101 171 289
3 100 117 129
3 100 64 188
3 101 239 285
3 100 181 285
3 100 166 258
3 103 23 252
3 100 118 210
3 99 15 218
3 98 168 301
3 98 48 290
3 97 38 242
3 101 93 166
3 99 145 173
3 100 61 178
3 99 39 286
3 99 185 265
3 100 41 192
3 98 60 131
3 100 9 298
3 99 255 285
3 101 166 288
3 98 64 252
3 97 44 262
3 102 93 261
3 100 1 247
3 100 28 295
3 102 80 287
3 104 210 291
3 100 215 274
3 98 166 198
3 98 114 252
3 99 119 166
4 99 84 233
4 99 161 213
4 100 19 193
4 99 196 249
4 98 70 280
4 99 153 248
4 102 132 230
4 99 137 165
4 103 64 98
4 98 60 74
4 100 84 157
4 102 33 40
4 100 59 206
4 99 150 260
4 100 7 124
4 99 28 232
4 100 111 221
4 97 84 248
4 99 2 280
4 97 0 135
4 101 220 240
4 99 48 213
4 99 43 172
4 99 61 274
4 97 180 206
4 102 9 78
4 99 103 257
4 100 102 141
4 103 56 113
4 99 20 244
4 97 43 224
4 100 84 163
4 101 67 227
5 102 213 274
5 104 203 265
5 94 30 195
5 104 23 262
5 103 33 259
5 99 94 277
5 101 71 134
5 99 5 129
5 95 134 256
5 100 9 87
5 97 113 242
5 100 119 270
5 99 128 194
5 99 92 114
5 100 42 103
5 97 159 217
5 100 181 266
5 100 72 284
5 102 20 75
5 104 19 73
5 98 122 206
5 100 104 268
5 98 30 235
5 103 92 287
5 100 71 175
5 102 120 201
5 101 138 181
5 100 189 269
5 96 130 305
5 103 117 121
5 100 89 160
5 101 73 210
5 98 87 89
6 104 80 252
6 100 182 255
6 99 213 223
6 101 173 233
6 102 144 288
6 97 73 262
6 100 91 108
6 93 102 181
6 100 16 165
6 99 163 283
6 101 110 270
6 103 131 184
6 99 10 29
6 100 39 161
6 98 2 207
6 98 26 205
6 98 67 300
6 96 28 49
6 97 111 256
6 100 173 234
6 102 191 218
6 101 170 248
6 100 89 92
6 101 37 280
6 100 68 104
6 103 150 272
6 100 132 289
6 98 51 145
6 100 89 150
6 101 75 237
6 100 22 255
6 99 99 237
6 97 9 129
7 99 30 166
7 99 113 277
7 97 179 197
7 97 37 233
7 100 147 266
7 101 262 290
7 106 217 298
7 103 122 197
7 103 97 306
7 102 101 236
7 99 35 267
7 100 148 180
7 101 57 209
7 102 67 175
7 99 65 315
7 100 38 214
7 100 112 300
7 100 20 176
7 102 135 230
7 101 60 292
7 99 35 194
7 100 104 155
7 102 146 254
8 98 112 140
8 99 78 196
8 101 24 77
8 103 131 217
8 96 111 218
8 96 43 78
8 102 67 172
8 102 70 200
8 100 49 159
8 101 48 99
8 102 166 190
8 102 0 186
8 99 2 209
8 99 12 90
8 101 34 198
8 102 42 220
8 100 19 184
8 104 7 64
8 101 5 239
8 104 103 240
8 100 36 230
8 103 70 86
8 102 1 144
8 99 99 243
8 99 18 73
8 97 70 103
8 104 9 216
8 103 28 227
8 102 29 172
9 96 242 297
9 102 248 312
9 101 167 312
9 101 86 189
9 98 56 108
9 101 138 268
9 100 171 232
9 102 101 109
9 99 96 246
9 103 146 162
9 100 69 261
9 98 78 92
9 100 184 185
9 99 20 231
9 96 4 101
9 102 215 314
9 99 126 156
9 102 45 222
9 99 167 292
9 101 149 243
9 102 23 71
9 101 313 318
9 99 182 267
9 99 21 111
9 98 1 169
9 98 45 133
9 99 68 88
9 102 12 97
9 100 63 120
9 100 4 291
9 97 186 286
10 100 16 186
10 101 196 220
10 101 219 303
10 100 78 97
10 103 27 160
10 102 1 219
10 101 127 228
10 100 56 167
10 99 91 157
10 97 32 193
10 98 122 191
10 102 212 297
10 102 106 199
10 102 19 296
10 98 37 172
10 98 190 285
10 102 107 180
10 98 3 293
10 99 85 156
10 101 79 295
10 98 124 269
10 100 141 297
10 101 134 268
10 101 129 254
10 101 165 241
10 99 149 198
10 99 75 258
10 99 70 241
10 101 258 301
10 97 107 193
10 99 131 183
10 103 159 247
10 96 68 258
10 94 42 181
10 100 118 132
10 101 255 271
11 100 16 64
11 103 167 271
11 101 256 300
11 100 20 160
11 97 184 190
11 100 128 229
11 96 67 168
11 100 57 86
11 100 91 245
11 100 73 110
11 103 196 258
11 99 21 169
11 98 227 246
11 103 28 183
11 99 179 261
11 101 97 149
11 97 73 303
11 98 117 194
11 98 209 308
11 100 46 144
11 99 143 315
11 97 10 238
11 98 69 232
11 98 132 306
11 100 4 65
11 99 178 192
11 101 85 262
11 100 122 240
11 102 53 226
11 102 120 311
12 102 10 174
12 98 51 144
12 101 86 115
12 100 126 211
12 98 138 232
12 99 33 192
12 103 51 223
12 100 4 73
12 99 90 140
12 99 30 218
12 99 32 226
12 97 133 172
12 97 53 194
12 100 11 71
12 102 33 224
12 98 42 132
12 101 142 233
12 99 22 120
12 100 41 196
12 99 3 80
12 100 164 165
12 98 12 216
12 104 97 128
12 98 126 198
12 100 80 191
13 102 56 270
13 100 141 308
13 99 204 277
13 100 21 63
13 96 59 274
13 101 102 319
13 98 259 271
13 101 24 145
13 100 36 118
13 101 198 275
13 99 128 239
13 98 195 317
13 101 151 238
13 100 91 285
13 103 49 309
13 103 206 281
13 100 93 287
13 101 79 287
13 99 74 242
13 101 140 220
13 99 111 205
13 102 240 267
13 98 40 141
13 97 173 275
13 100 85 168
13 99 119 131
13 96 35 76
13 102 150 284
13 96 217 277
13 104 151 316
13 100 31 226
13 103 189 298
14 97 1 254
14 103 98 288
14 100 6 215
14 99 13 150
14 100 80 136
14 100 78 213
14 96 37 179
14 98 6 165
14 101 58 177
14 97 3 81
14 102 169 247
14 102 128 155
14 98 101 129
14 100 184 202
14 100 8 146
14 96 89 214
14 102 214 258
14 99 72 186
14 98 137 257
14 100 168 274
14 100 138 214
14 103 119 279
14 102 8 51
14 99 206 287
14 101 110 238
14 97 298 302
14 98 47 180
14 102 23 164
14 97 12 146
14 101 11 119
14 96 283 294
15 99 50 150
15 100 57 257
15 100 65 163
15 103 107 223
15 101 80 112
15 101 86 260
15 99 5 19
15 100 190 266
15 98 55 173
15 101 51 255
15 99 95 245
15 100 53 257
15 99 36 43
15 101 87 230
15 98 21 160
15 101 153 217
15 98 49 148
15 99 53 250
15 98 10 73
15 98 53 170
15 100 11 229
15 100 70 132
15 100 85 108
15 100 136 225
16 99 122 133
16 100 32 116
16 101 5 210
16 102 68 167
16 101 3 197
16 101 61 268
16 101 26 107
16 99 188 216
16 98 162 240
16 101 107 271
16 102 4 179
16 100 222 229
16 103 19 193
16 97 107 158
16 101 4 36
16 100 126 222
16 99 92 228
16 100 68 181
16 101 2 272
16 101 83 165
16 100 37 241
16 99 15 113
16 99 164 251
16 99 145 178
16 99 157 271
16 98 181 250
16 101 28 217
16 99 123 230
16 104 23 212
17 96 186 248
17 98 28 258
17 99 94 168
17 99 58 253
17 99 58 194
17 101 0 149
17 100 106 262
17 98 94 143
17 101 132 209
17 98 106 148
17 101 118 240
17 96 18 178
17 101 15 275
17 105 45 235
17 100 1 40
17 101 146 206
17 100 41 224
17 98 66 216
17 100 119 252
17 103 132 162
17 97 172 176
17 97 62 80
17 98 91 179
17 101 68 199
17 99 171 247
17 104 38 129
17 100 119 180
18 100 45 236
18 103 68 135
18 99 14 271
18 99 62 173
18 102 5 255
18 96 218 246
18 99 114 231
18 101 76 151
18 100 138 162
18 98 52 142
18 101 65 271
18 98 35 117
18 103 81 184
18 103 4 40
18 100 28 247
18 97 15 221
18 98 12 107
18 101 69 137
18 98 234 248
18 99 181 260
18 101 93 226
18 101 39 249
18 101 135 169
18 100 140 230
18 99 183 300
18 100 34 184
18 102 255 306
18 100 161 245
18 98 113 226
18 100 130 178
18 101 72 96
19 93 54 179
19 100 40 167
19 100 93 156
19 104 10 186
19 102 39 225
19 101 127 256
19 99 122 186
19 104 60 205
19 99 27 171
19 100 7 42
19 97 4 257
19 98 81 139
19 102 32 108
19 100 60 244
19 100 94 260
19 98 91 223
19 100 108 204
19 97 60 84
19 103 13 66
19 101 117 242
19 97 110 189
19 104 153 205
19 99 45 187
19 98 151 155
19 99 35 119
19 100 58 254
19 103 38 106
19 101 113 251
19 100 149 243
19 98 153 213
19 101 63 212
20 98 16 309
20 99 31 226
20 97 143 178
20 98 136 270
20 101 181 307
20 97 35 161
20 103 54 199
20 100 215 257
20 98 50 237
20 99 23 209
20 103 5 133
20 103 53 163
20 99 27 226
20 101 9 231
20 100 153 193
20 102 42 225
20 95 175 274
20 101 13 17
20 103 88 261
20 99 223 304
20 100 54 184
20 101 15 117
20 95 100 295
20 99 47 239
20 97 40 100
20 99 63 225
20 102 36 145
21 102 228 256
21 103 30 140
21 101 11 222
21 100 60 81
21 100 124 190
21 98 122 216
21 101 94 156
21 96 1 96
21 101 26 248
21 100 177 252
21 98 148 242
21 103 213 233
21 101 18 155
21 99 97 167
21 104 104 244
21 101 8 194
21 96 181 234
21 101 28 41
21 102 126 130
21 101 130 198
21 100 109 163
21 102 53 78
21 97 3 41
21 99 188 199
21 98 33 130
21 100 138 244
21 96 108 181
21 101 29 50
21 100 6 144
21 101 110 258
21 99 131 229
21 101 162 250
21 102 170 178
22 99 10 72
22 98 0 153
22 102 48 214
22 98 38 232
22 102 111 255
22 104 71 254
22 101 26 117
22 103 27 211
22 101 66 110
22 97 98 113
22 104 22 220
22 101 112 253
22 98 190 215
22 99 114 213
22 102 2 195
22 99 126 155
22 101 165 251
22 103 36 188
22 101 97 198
22 97 9 200
22 101 119 234
22 99 47 146
22 100 23 65
22 98 5 18
22 101 25 152
22 101 62 180
22 99 58 199
23 98 104 251
23 102 148 283
23 103 17 34
23 104 76 271
23 102 193 265
23 100 125 249
23 102 6 177
23 99 142 281
23 102 80 179
23 96 63 194
23 102 148 266
23 97 27 199
23 98 61 106
23 98 103 212
23 100 1 131
23 101 119 186
23 99 18 276
23 100 117 215
23 105 261 302
23 101 92 230
23 102 84 261
23 99 35 240
23 99 103 160
23 102 20 154
23 99 39 207
23 99 162 260
24 99 82 171
24 101 29 150
24 98 120 162
24 103 74 201
24 100 170 258
24 100 101 187
24 99 62 128
24 100 81 133
24 98 47 236
24 101 11 245
24 97 258 263
24 96 191 232
24 100 22 254
24 102 57 84
24 99 81 157
24 98 103 240
24 99 131 137
24 101 27 46
24 102 139 188
24 100 23 237
24 101 71 227
24 100 154 200
24 99 29 148
24 98 131 175
24 102 17 146
24 100 147 264
24 100 6 187
24 104 3 107
24 100 146 238
24 103 218 263
24 96 43 85
25 101 26 42
25 99 123 251
25 101 3 282
25 100 159 278
25 99 4 186
25 103 155 158
25 100 1 289
25 97 0 223
25 97 72 149
25 98 50 144
25 101 35 155
25 97 233 288
25 99 68 173
25 103 72 280
25 100 97 176
25 103 5 185
25 97 8 29
25 100 118 276
25 100 80 279
25 100 100 247
25 100 241 246
25 100 80 232
25 101 87 131
25 100 21 93
26 103 86 144
26 104 282 337
26 100 170 307
26 100 25 116
26 97 95 309
26 102 106 263
26 101 41 254
26 100 73 206
26 98 195 286
26 100 188 193
26 103 20 262
26 100 57 216
26 102 254 275
26 103 26 248
26 100 195 293
26 99 50 132
26 95 26 268
26 101 225 275
26 101 17 47
26 100 79 91
26 97 78 260
26 102 95 244
26 100 206 335
26 100 197 321
26 101 163 173
26 98 88 192
26 100 119 150
26 100 249 325
26 100 37 301
26 99 164 187
26 99 93 207
26 99 9 238
26 99 4 159
27 99 0 221
27 101 133 140
27 100 57 243
27 100 130 279
27 100 28 198
27 100 9 93
27 98 7 166
27 103 89 130
27 100 70 311
27 103 122 241
27 97 190 284
27 98 76 169
27 100 71 85
27 99 198 292
27 101 130 330
27 101 50 316
27 100 72 129
27 99 147 315
27 102 63 99
27 98 68 222
27 101 179 197
27 100 171 311
27 102 26 154
27 100 271 308
28 103 31 86
28 103 41 75
28 97 35 129
28 100 102 148
28 101 49 130
28 99 163 249
28 103 205 264
28 105 18 144
28 99 138 277
28 101 5 130
28 99 10 257
28 96 167 246
28 102 33 243
28 102 171 277
28 98 9 183
28 101 34 229
28 98 112 239
28 98 43 280
28 98 26 182
28 101 102 153
28 101 45 251
28 99 157 170
28 96 82 284
28 105 63 148
28 98 41 260
28 101 37 136
28 101 22 104
28 102 79 124
28 102 55 138
29 99 118 234
29 103 35 216
29 101 21 49
29 98 20 157
29 103 85 148
29 103 216 225
29 104 93 233
29 99 21 221
29 102 95 218
29 96 46 218
29 99 23 193
29 103 76 236
29 102 141 225
29 103 98 237
29 100 111 122
29 100 115 206
29 100 1 156
29 101 39 175
29 100 5 33
29 101 35 154
29 99 108 229
29 102 8 154
29 99 1 107
29 102 16 117
29 101 84 235
29 97 163 167
29 103 76 182
29 100 99 190
29 102 48 63
29 101 82 228
30 99 84 208
30 103 53 105
30 99 10 121
30 105 112 242
30 97 34 208
30 99 108 231
30 101 3 195
30 98 31 64
30 99 81 217
30 96 149 208
30 99 37 249
30 101 103 205
30 103 179 190
30 96 42 164
30 101 41 254
30 101 40 124
30 95 37 180
30 98 76 145
30 107 98 252
30 96 201 240
30 100 38 164
30 99 156 162
30 102 165 235
30 101 16 89
30 98 58 253
30 99 148 222
30 101 127 238
30 98 12 243
30 96 2 172
30 99 89 152
31 102 131 268
31 102 139 225
31 99 112 169
31 99 117 228
31 101 30 106
31 103 53 138
31 99 103 176
31 99 89 142
31 97 140 256
31 100 159 160
31 101 118 135
31 100 153 155
31 100 140 247
31 99 38 171
31 101 21 197
31 98 107 138
31 102 123 278
31 102 178 292
31 102 49 210
31 105 87 296
31 100 53 188
31 97 37 75
31 98 143 287
31 98 8 227
31 102 79 203
31 107 272 296
31 98 132 202
32 102 297 330
32 102 125 309
32 101 33 254
32 97 103 252
32 102 92 122
32 101 34 90
32 99 6 178
32 98 200 289
32 100 49 72
32 97 126 138
32 99 72 118
32 102 168 271
32 102 60 222
32 102 170 327
32 101 155 286
32 105 98 280
32 96 95 107
32 100 247 351
32 101 233 325
32 99 85 190
32 101 196 222
32 100 188 220
33 99 59 85
33 101 177 258
33 101 240 256
33 100 188 314
33 102 184 222
33 101 120 273
33 98 73 244
33 102 33 182
33 101 235 319
33 101 47 232
33 106 38 44
33 99 136 201
33 103 100 181
33 102 32 35
33 102 11 105
33 102 14 93
33 101 62 129
33 99 3 209
33 102 169 255
33 101 24 259
33 101 36 196
33 99 152 278
33 98 295 304
33 101 148 305
33 99 78 249
33 99 14 120
33 97 35 154
33 100 239 317
33 103 65 108
33 102 33 94
33 100 108 247
33 100 62 255
33 103 124 189
33 99 244 321
34 99 41 152
34 102 160 238
34 104 0 86
34 102 10 107
34 101 153 232
34 100 115 185
34 100 165 198
34 103 173 209
34 103 52 110
34 101 63 151
34 102 151 224
34 99 13 79
34 102 30 129
34 98 45 143
34 101 19 122
34 100 200 242
34 98 49 152
34 101 191 203
34 99 82 205
34 100 128 196
34 99 51 188
34 101 101 250
34 103 26 163
34 102 144 170
34 101 133 230
34 103 65 214
34 101 18 246
34 100 187 231
34 102 137 193
34 103 221 222
34 97 1 34
35 101 61 269
35 100 29 73
35 100 187 244
35 95 124 275
35 101 68 255
35 98 71 233
35 97 133 147
35 102 59 227
35 100 60 148
35 98 28 231
35 101 171 208
35 102 75 256
35 99 159 243
35 100 11 144
35 104 101 202
35 101 94 174
35 103 120 224
35 98 92 94
35 98 70 296
35 98 9 144
35 100 181 271
35 100 210 282
35 99 87 105
35 100 127 222
35 99 93 294
35 100 66 224
35 100 61 243
35 102 63 242
35 100 118 192
36 102 193 238
36 99 281 287
36 103 76 196
36 102 56 80
36 102 65 198
36 97 207 238
36 98 36 257
36 99 36 265
36 103 193 254
36 101 162 197
36 99 120 285
36 100 47 145
36 100 129 232
36 100 46 184
36 101 74 258
36 102 15 215
36 100 68 227
36 101 84 127
36 100 152 275
36 100 246 290
36 97 152 208
36 97 83 118
36 98 76 83
36 95 96 256
36 99 6 218
36 101 15 232
36 98 142 265
36 101 50 155
36 99 76 121
36 99 206 208
36 100 88 277
36 102 76 234
36 97 142 200
36 97 131 149
37 101 4 76
37 95 127 243
37 99 80 195
37 100 123 232
37 98 115 240
37 101 134 264
37 99 120 246
37 101 105 255
37 102 72 117
37 100 40 125
37 97 17 112
37 103 53 290
37 100 106 176
37 102 42 260
37 99 71 116
37 100 218 252
37 100 56 140
37 98 192 201
37 99 114 280
37 98 128 220
37 102 153 269
37 101 133 167
37 100 121 268
37 100 15 87
37 101 151 172
37 102 14 264
37 102 204 225
37 104 33 201
37 98 47 126
37 105 121 158
37 96 127 200
37 100 14 29
37 100 186 197
37 103 17 223
38 99 78 254
38 102 27 212
38 99 3 271
38 100 17 124
38 99 34 54
38 101 139 257
38 100 118 174
38 101 101 243
38 98 30 227
38 101 98 202
38 97 43 170
38 101 16 199
38 98 18 27
38 104 2 216
38 101 79 202
38 102 71 257
38 100 167 187
38 98 53 249
38 101 95 249
38 100 35 108
38 100 27 261
38 98 52 246
38 101 8 135
38 103 32 261
38 98 128 239
38 101 108 168
38 102 69 138
38 101 203 263
39 101 2 97
39 101 146 296
39 102 18 77
39 98 123 267
39 102 255 327
39 100 51 261
39 101 234 235
39 100 34 44
39 101 83 88
39 101 6 114
39 101 176 292
39 98 93 189
39 107 74 303
39 97 13 282
39 101 37 207
39 97 169 221
39 104 6 172
39 101 32 223
39 100 168 295
39 99 132 219
39 102 203 335
39 102 79 178
39 100 63 168
39 99 9 108
39 96 260 318
39 98 166 280
39 99 144 174
39 104 314 330
39 96 91 219
39 101 198 304
39 100 235 335
39 102 237 298
39 103 78 279
40 102 6 69
40 100 180 190
40 98 77 199
40 99 222 225
40 104 80 172
40 101 159 257
40 100 189 209
40 102 170 267
40 99 21 264
40 104 116 190
40 100 123 243
40 100 170 221
40 100 125 197
40 100 14 90
40 98 173 261
40 102 26 251
40 99 227 249
40 102 56 268
40 98 46 235
40 101 143 268
40 99 189 249
40 100 31 62
40 100 84 199
40 99 86 247
40 99 6 248
40 101 118 150
40 102 45 264
40 101 38 125
40 101 15 242
40 100 69 240
41 97 46 172
41 101 133 275
41 103 104 131
41 98 116 155
41 99 16 175
41 100 116 301
41 99 116 296
41 104 107 208
41 97 9 86
41 100 51 138
41 96 71 109
41 100 97 150
41 97 40 133
41 101 159 309
41 98 285 288
41 99 181 308
41 102 63 75
41 101 67 189
41 99 138 230
41 99 9 78
41 98 79 296
41 100 39 237
41 96 104 199
41 101 231 304
41 99 117 206
41 103 83 208
41 99 113 218
41 98 129 274
41 103 246 295
42 99 117 199
42 100 124 301
42 101 189 235
42 101 65 237
42 100 38 225
42 99 172 273
42 102 33 244
42 100 117 277
42 100 153 302
42 100 227 275
42 98 231 258
42 102 30 103
42 101 70 174
42 100 0 216
42 100 4 286
42 104 31 130
42 100 77 213
42 100 60 177
42 100 103 261
42 104 99 253
42 101 167 176
42 102 31 212
42 98 70 283
42 99 53 106
42 99 40 167
42 104 172 227
42 101 93 278
42 102 148 190
42 99 33 152
42 100 145 289
42 104 242 299
43 97 42 147
43 99 5 248
43 96 82 292
43 101 257 278
43 99 114 205
43 97 231 312
43 98 70 104
43 103 75 232
43 103 190 241
43 102 102 205
43 97 150 191
43 102 62 135
43 100 50 104
43 101 51 306
43 99 70 224
43 99 44 212
43 102 12 147
43 97 29 171
43 103 188 313
43 101 87 288
43 102 81 124
43 102 105 236
43 102 17 144
43 98 41 134
43 97 62 119
43 100 201 313
43 103 33 206
43 99 135 193
43 98 30 44
43 98 20 226
43 105 23 174
43 103 12 257
43 98 204 315
43 100 101 280
44 103 152 184
44 99 15 183
44 102 7 115
44 96 2 111
44 99 117 167
44 99 65 243
44 100 25 145
44 98 68 225
44 100 116 234
44 102 72 220
44 99 49 93
44 101 43 182
44 100 89 203
44 101 44 206
44 99 53 212
44 99 7 65
44 103 147 203
44 100 91 126
44 101 44 200
44 102 157 220
44 98 98 154
44 100 29 202
44 98 78 144
44 101 42 188
44 100 26 76
44 100 1 241
44 97 62 117
44 103 9 75
44 99 53 125
44 100 138 219
45 95 66 95
45 102 60 183
45 95 45 303
45 97 81 182
45 100 248 294
45 99 36 257
45 100 144 208
45 98 112 274
45 100 55 214
45 99 101 236
45 100 32 191
45 99 28 161
45 102 21 276
45 104 5 168
45 100 98 261
45 101 99 170
45 96 110 243
45 98 179 310
45 101 86 268
45 99 81 271
45 101 161 291
45 98 12 148
45 98 9 286
45 102 39 138
45 100 67 97
46 98 71 159
46 103 123 224
46 101 179 232
46 100 41 192
46 98 38 234
46 101 9 262
46 100 60 245
46 102 113 257
46 98 65 197
46 101 45 153
46 103 34 132
46 98 31 246
46 99 77 254
46 100 14 120
46 100 31 72
46 102 65 243
46 103 198 205
46 100 82 248
46 100 64 71
46 101 196 219
46 98 67 118
46 99 69 88
46 101 4 156
46 102 178 243
46 100 30 179
46 100 7 131
46 104 27 162
46 101 29 55
46 100 17 250
46 100 75 177
46 100 86 221
46 97 27 95
46 99 36 144
47 100 6 138
47 100 200 206
47 99 226 235
47 100 194 298
47 99 13 207
47 99 111 147
47 103 185 213
47 99 188 267
47 104 4 37
47 101 139 230
47 102 44 146
47 100 274 318
47 102 270 306
47 98 128 211
47 101 32 208
47 96 32 111
47 100 27 153
47 101 51 170
47 100 46 175
47 100 135 318
47 102 135 201
47 99 136 258
47 101 59 321
47 103 86 279
47 101 92 195
47 104 155 227
47 103 121 226
48 103 73 136
48 98 42 195
48 102 35 221
48 103 43 254
48 102 178 258
48 98 22 192
48 100 13 15
48 101 267 270
48 97 46 217
48 102 66 80
48 103 196 221
48 101 98 280
48 96 159 177
48 98 81 258
48 102 177 250
48 97 68 296
48 102 123 194
48 97 203 254
48 100 124 273
48 101 84 163
48 101 75 271
48 97 186 245
48 101 75 148
48 100 25 61
48 99 8 297
49 103 112 264
49 100 28 94
49 98 4 197
49 102 119 231
49 97 36 213
49 102 151 291
49 100 63 134
49 101 124 187
49 99 158 273
49 101 93 297
49 102 154 288
49 101 19 145
49 100 42 146
49 98 40 269
49 99 120 184
49 101 85 256
49 97 109 258
49 98 64 221
49 100 65 117
49 100 197 262
49 98 143 207
49 98 269 291
49 101 122 185
49 100 22 289
49 100 236 308
49 102 185 305
49 102 259 271
49 99 47 169
49 98 57 302
49 98 154 241
49 96 22 156
50 97 167 252
50 101 126 210
50 97 81 219
50 101 70 244
50 103 80 198
50 100 1 225
50 99 5 160
50 104 33 135
50 100 55 174
50 101 119 247
50 100 162 200
50 99 12 227
50 100 54 143
50 101 138 174
50 103 12 157
50 98 5 137
50 100 101 199
50 102 103 131
50 102 24 195
50 99 116 216
50 101 21 77
50 98 18 205
50 103 87 96
50 97 77 191
50 100 69 164
50 103 8 245
50 102 81 144
50 99 86 134
50 100 30 174
50 102 51 87
50 101 21 239
51 100 12 126
51 102 12 48
51 99 24 94
51 102 62 157
51 100 54 169
51 100 41 173
51 104 56 188
51 99 64 214
51 97 3 84
51 98 79 128
51 102 56 168
51 99 151 241
51 102 71 116
51 97 78 200
51 100 19 159
51 99 164 171
51 100 214 219
51 98 25 80
51 98 39 196
51 99 4 79
51 99 0 258
51 96 8 210
51 95 34 252
51 100 119 176
51 104 107 213
51 97 144 193
52 96 110 299
52 98 2 213
52 98 181 231
52 101 182 234
52 97 56 166
52 98 89 195
52 102 107 173
52 101 140 221
52 100 18 212
52 97 20 260
52 100 24 285
52 99 152 267
52 101 33 264
52 100 27 202
52 99 68 157
52 100 91 296
52 101 85 193
52 101 64 194
52 98 203 238
52 98 217 301
52 99 136 241
52 98 0 24
52 99 80 264
52 100 148 267
52 99 204 262
52 97 35 96
52 98 107 153
52 100 136 262
52 100 187 252
52 99 69 156
52 101 88 165
52 99 19 99
53 98 42 79
53 101 12 228
53 101 1 92
53 101 3 35
53 97 141 290
53 98 177 238
53 100 3 140
53 102 39 40
53 101 272 348
53 100 29 285
53 99 155 349
53 103 53 216
53 98 35 142
53 101 59 270
53 104 48 295
53 99 136 303
53 100 101 183
53 101 88 278
53 102 237 299
53 97 40 86
53 101 220 338
53 97 22 307
53 99 44 202
53 102 134 311
53 97 58 285
53 99 35 235
53 96 0 268
53 98 186 324
53 99 11 205
54 104 91 246
54 100 125 253
54 97 71 127
54 102 15 155
54 100 21 155
54 96 15 238
54 101 31 186
54 98 77 188
54 99 27 252
54 101 167 238
54 98 71 86
54 100 10 79
54 101 104 144
54 99 107 214
54 100 112 249
54 101 21 216
54 102 54 222
54 100 9 147
54 97 180 199
54 98 107 202
54 101 123 248
54 101 42 248
54 99 105 231
54 102 153 252
55 97 45 224
55 102 42 153
55 101 215 284
55 102 108 151
55 101 107 230
55 95 77 248
55 104 115 166
55 97 115 205
55 96 20 95
55 103 93 148
55 96 78 143
55 103 75 100
55 102 55 285
55 100 102 123
55 103 62 192
55 99 8 25
55 102 116 271
55 98 66 194
55 101 40 254
55 100 118 174
55 99 149 244
55 100 166 275
55 101 126 191
55 100 147 181
55 101 11 282
56 98 176 234
56 101 79 208
56 100 21 250
56 96 106 196
56 104 104 220
56 99 214 248
56 100 124 192
56 99 34 89
56 101 77 80
56 101 77 145
56 98 134 160
56 98 175 257
56 103 185 254
56 98 74 204
56 104 54 122
56 102 139 228
56 100 87 188
56 101 30 232
56 101 191 237
56 97 26 232
56 99 6 199
56 104 41 227
56 101 22 81
56 101 209 257
56 101 5 226
56 100 62 123
56 100 3 213
57 97 59 180
57 100 276 277
57 102 74 101
57 99 145 235
57 101 94 273
57 99 283 324
57 102 57 174
57 99 121 196
57 100 122 130
57 102 22 195
57 103 21 159
57 99 20 184
57 101 119 182
57 100 100 321
57 102 294 312
57 102 118 179
57 101 86 165
57 100 108 179
57 101 18 244
57 101 60 156
57 100 31 252
57 101 186 319
57 100 58 244
57 99 75 292
57 100 88 196
57 100 102 121
57 100 61 290
57 98 222 243
57 99 44 157
57 100 193 262
58 99 84 217
58 98 123 286
58 98 192 248
58 99 191 285
58 103 94 133
58 102 113 193
58 99 31 138
58 103 190 291
58 100 136 190
58 101 132 287
58 101 77 84
58 100 87 295
58 99 79 154
58 100 27 256
58 102 204 250
58 100 152 249
58 101 93 174
58 98 99 256
58 101 31 262
58 100 183 278
58 101 153 288
58 102 26 59
58 102 21 93
58 101 50 241
58 100 29 155
59 98 82 239
59 102 44 94
59 103 22 264
59 102 109 255
59 101 70 253
59 102 2 48
59 103 156 262
59 102 93 98
59 101 54 76
59 102 93 234
59 98 8 223
59 102 15 72
59 100 175 272
59 102 3 177
59 98 41 139
59 96 4 161
59 101 54 265
59 99 1 60
59 100 86 154
59 99 93 160
59 98 89 197
59 101 47 119
59 102 15 197
59 101 156 239
59 97 131 203
59 100 65 262
59 104 101 221
59 99 109 165
59 103 76 125
59 99 4 197
60 99 107 138
60 96 193 316
60 99 130 204
60 97 151 199
60 102 199 304
60 101 17 102
60 99 123 169
60 99 166 251
60 98 249 271
60 99 129 232
60 101 211 290
60 99 92 133
60 101 90 279
60 100 43 267
60 101 65 198
60 100 154 316
60 100 38 298
60 104 21 242
60 98 25 234
60 102 80 220
60 97 241 254
60 98 180 284
60 101 141 165
60 100 67 260
60 102 60 218
60 98 40 72
60 101 168 260
60 103 85 279
60 100 139 232
60 101 165 294
60 96 148 264
60 98 62 102
60 101 62 186
60 101 278 295
61 97 83 248
61 101 200 295
61 100 39 106
61 99 61 203
61 98 177 238
61 99 88 196
61 101 111 297
61 100 179 207
61 98 244 287
61 98 282 318
61 104 14 128
61 102 4 198
61 99 148 189
61 99 156 259
61 97 42 199
61 102 54 304
61 103 243 289
61 100 300 317
61 99 170 299
61 103 10 24
61 96 60 332
61 96 58 251
61 102 267 314
61 100 7 313
61 101 58 166
62 99 192 243
62 102 104 156
62 98 52 237
62 100 65 192
62 102 34 149
62 103 105 178
62 99 55 84
62 101 20 280
62 99 62 166
62 101 92 274
62 98 20 197
62 99 18 253
62 101 243 306
62 103 1 84
62 104 32 66
62 100 67 226
62 98 166 277
62 100 108 233
62 102 5 311
62 98 2 108
62 99 39 72
62 100 148 314
62 102 79 223
62 100 70 189
62 103 225 267
62 99 134 276
62 102 24 40
62 97 134 286
62 101 82 165
62 99 162 294
63 100 29 216
63 100 91 234
63 99 44 242
63 100 122 160
63 100 147 153
63 96 174 249
63 98 58 196
63 100 67 235
63 99 41 94
63 98 171 207
63 100 49 71
63 100 21 188
63 102 9 120
63 100 73 213
63 99 138 219
63 101 47 199
63 102 178 215
63 99 143 145
63 103 0 222
63 100 64 94
63 99 66 169
63 98 20 242
63 101 117 206
63 98 14 250
63 100 11 95
63 101 165 191
63 95 7 28
64 99 14 240
64 101 3 58
64 101 65 233
64 96 10 169
64 102 84 144
64 99 0 216
64 101 155 236
64 103 22 60
64 101 63 120
64 102 131 156
64 99 124 177
64 103 71 210
64 98 113 202
64 100 27 190
64 104 57 192
64 101 16 246
64 97 49 146
64 99 0 212
64 102 28 173
64 101 18 134
64 98 150 247
64 100 180 211
64 103 60 141
64 100 119 200
64 98 28 153
64 101 14 241
64 98 182 207
64 101 48 243
64 100 5 197
64 101 45 75
64 101 67 143
64 97 13 20
64 102 20 127
65 104 31 63
65 100 52 149
65 99 148 221
65 97 172 247
65 97 33 205
65 98 109 246
65 100 210 222
65 100 16 185
65 101 85 118
65 97 110 235
65 98 106 170
65 102 68 214
65 103 265 268
65 101 98 126
65 99 35 140
65 99 67 197
65 98 8 178
65 101 194 275
65 104 14 219
65 102 81 264
65 101 51 150
65 100 126 180
65 101 262 267
65 98 142 240
65 98 103 276
65 101 107 213
65 99 36 146
65 98 156 243
66 102 102 191
66 99 142 360
66 98 118 257
66 102 0 87
66 94 274 363
66 99 83 164
66 98 71 267
66 103 136 278
66 97 34 161
66 101 149 281
66 103 74 272
66 102 105 311
66 98 216 269
66 104 160 218
66 101 29 146
66 101 96 97
66 99 235 272
66 103 195 245
66 98 254 320
66 101 120 304
66 100 42 259
66 100 55 220
66 99 21 211
66 100 64 128
66 101 16 260
66 101 136 260
66 100 219 350
66 99 84 179
66 100 206 310
66 101 209 358
66 99 162 305
66 97 51 171
67 101 45 93
67 101 67 135
67 101 217 265
67 103 214 283
67 100 130 207
67 100 252 289
67 98 190 212
67 105 130 218
67 101 55 158
67 99 218 243
67 99 58 160
67 100 82 91
67 101 188 213
67 96 59 236
67 100 141 319
67 101 70 109
67 98 81 237
67 101 61 195
67 100 240 301
67 100 49 269
67 100 36 164
67 105 12 222
67 101 24 210
67 100 34 163
67 101 8 140
67 100 206 263
67 104 47 258
67 99 20 47
68 98 73 164
68 101 227 287
68 101 202 332
68 101 96 201
68 103 2 76
68 102 274 307
68 102 67 99
68 101 49 209
68 98 100 310
68 103 131 185
68 100 70 255
68 101 9 190
68 98 35 221
68 95 137 225
68 101 283 289
68 100 24 179
68 102 17 87
68 96 15 281
68 103 171 259
68 100 51 231
68 100 33 85
68 102 276 313
68 101 122 266
68 98 94 115
68 102 181 289
68 100 115 138
68 103 269 303
68 97 99 278
68 100 129 301
68 96 235 285
68 100 130 197
69 101 65 197
69 98 249 296
69 100 71 83
69 98 72 96
69 102 228 282
69 100 256 309
69 100 159 308
69 99 169 324
69 99 76 220
69 98 77 266
69 102 158 302
69 99 94 320
69 103 190 205
69 101 98 248
69 97 112 328
69 100 94 227
69 100 57 230
69 99 211 307
69 104 221 230
69 102 9 185
69 98 185 289
69 98 262 306
69 100 63 141
69 97 63 205
69 101 14 104
69 104 164 288
69 96 285 323
69 99 10 187
69 105 28 316
69 97 92 149
69 97 8 96
70 101 26 191
70 97 15 231
70 100 8 179
70 99 208 258
70 100 86 214
70 99 196 224
70 100 33 138
70 105 61 204
70 100 9 135
70 98 175 243
70 101 12 158
70 101 130 228
70 100 12 199
70 98 225 250
70 99 28 95
70 105 27 171
70 102 164 167
70 100 92 138
70 104 170 271
70 98 29 155
70 102 125 178
70 101 52 263
70 101 34 204
70 105 44 195
70 99 134 265
70 98 188 234
70 100 15 102
70 102 13 218
70 101 20 177
70 101 135 179
70 100 184 234
70 99 62 226
71 95 1 116
71 100 182 260
71 103 0 168
71 103 248 285
71 100 98 190
71 102 69 195
71 100 20 108
71 99 50 147
71 97 7 170
71 96 88 219
71 100 59 224
71 98 13 270
71 101 193 241
71 97 259 275
71 104 5 111
71 98 95 211
71 98 134 221
71 97 99 201
71 102 26 233
71 103 81 149
71 98 34 85
71 102 17 157
71 97 68 134
71 98 42 248
71 99 7 89
71 100 75 229
72 100 14 270
72 99 92 131
72 97 158 219
72 100 187 220
72 97 18 115
72 101 65 124
72 101 159 238
72 99 23 163
72 98 107 219
72 100 42 222
72 100 10 87
72 102 115 242
72 100 106 145
72 99 91 220
72 102 156 189
72 101 57 208
72 98 266 271
72 98 54 68
72 100 13 249
72 99 151 246
72 101 168 259
72 101 48 87
72 100 18 45
72 101 103 269
72 99 28 175
72 96 54 247
72 99 8 116
72 100 12 43
72 101 44 267
72 102 18 27
72 96 0 195
72 100 176 210
72 98 43 116
72 99 6 198
73 103 14 80
73 101 48 169
73 102 18 119
73 101 40 144
73 100 79 197
73 100 51 141
73 98 47 200
73 98 30 217
73 100 27 239
73 98 55 95
73 99 15 144
73 101 7 201
73 101 165 242
73 100 80 180
73 100 112 187
73 100 3 230
73 103 47 167
73 101 24 126
73 99 181 257
73 101 108 142
73 102 77 214
73 97 180 210
73 101 97 142
73 98 38 243
73 104 28 147
73 104 184 215
73 99 4 116
73 101 136 180
73 97 126 160
74 99 46 205
74 97 216 310
74 100 178 276
74 99 3 309
74 98 39 93
74 101 131 173
74 103 41 245
74 97 127 301
74 99 197 245
74 99 232 342
74 104 93 222
74 97 204 346
74 101 173 309
74 101 103 215
74 99 2 141
74 98 1 93
74 97 33 271
74 102 43 252
74 102 278 315
74 99 148 306
74 102 30 331
74 97 125 206
74 100 190 290
74 103 87 167
74 100 237 260
74 98 62 203
74 99 251 302
74 99 157 304
74 101 217 330
74 99 90 245
75 101 263 270
75 100 31 130
75 102 128 198
75 101 89 227
75 104 44 107
75 98 99 186
75 100 55 189
75 102 26 270
75 100 66 182
75 98 143 196
75 101 20 34
75 97 40 266
75 97 26 254
75 99 50 208
75 99 20 172
75 100 132 170
75 99 132 262
75 101 142 253
75 100 222 257
75 102 77 208
75 96 147 260
75 101 10 54
75 102 100 206
75 102 109 113
75 100 50 180
75 103 195 210
75 100 67 187
75 100 54 229
75 101 93 238
76 100 85 173
76 98 73 124
76 99 104 177
76 99 2 269
76 98 60 255
76 98 181 266
76 96 18 173
76 99 127 179
76 101 89 168
76 102 103 153
76 100 56 127
76 100 22 268
76 99 5 266
76 103 48 154
76 102 65 266
76 102 148 255
76 100 54 208
76 97 22 189
76 98 46 265
76 101 51 205
76 100 75 156
76 97 92 146
76 96 156 207
77 100 12 231
77 101 89 235
77 99 5 141
77 101 41 134
77 102 5 63
77 103 24 94
77 102 60 71
77 103 123 215
77 99 196 235
77 98 18 87
77 101 34 241
77 101 90 193
77 102 160 244
77 101 130 189
77 98 2 247
77 103 17 237
77 98 4 101
77 101 36 110
77 102 209 244
77 99 4 111
77 105 7 24
77 99 25 91
77 102 0 77
77 98 29 31
77 100 203 225
77 101 159 163
77 101 97 203
77 101 78 164
77 103 50 53
78 99 173 236
78 101 85 217
78 101 105 140
78 95 215 249
78 100 13 141
78 103 106 213
78 101 60 112
78 103 52 160
78 102 155 293
78 103 109 276
78 99 52 153
78 101 129 227
78 100 18 282
78 104 109 169
78 100 120 189
78 100 87 244
78 94 219 280
78 100 49 261
78 100 64 199
78 105 171 253
78 98 96 250
78 100 134 172
78 100 114 227
78 100 96 139
78 98 54 208
78 100 3 72
78 100 112 193
78 99 109 238
78 99 170 202
79 100 101 244
79 102 157 252
79 102 133 230
79 101 86 195
79 105 35 151
79 103 104 266
79 101 67 306
79 100 53 240
79 98 62 186
79 99 164 182
79 99 208 232
79 99 173 306
79 98 146 274
79 101 161 267
79 101 27 306
79 102 118 311
79 103 25 152
79 96 117 217
79 96 109 281
79 100 52 231
79 99 64 255
79 98 204 288
79 100 164 276
79 100 162 194
79 98 61 92
79 100 50 186
79 99 186 251
79 100 43 106
80 100 55 287
80 102 131 288
80 102 152 177
80 102 65 203
80 101 29 193
80 98 79 237
80 102 42 92
80 97 178 287
80 100 58 226
80 98 4 220
80 98 74 244
80 102 96 192
80 99 84 253
80 100 64 250
80 102 76 189
80 103 10 315
80 99 104 145
80 99 51 169
80 103 87 250
80 101 7 288
80 101 97 130
80 100 119 158
80 99 82 228
80 98 133 233
80 100 149 313
80 104 125 224
80 100 109 304
81 101 52 267
81 97 36 169
81 99 78 234
81 101 73 213
81 102 54 209
81 100 41 45
81 102 32 260
81 96 8 117
81 100 151 250
81 100 90 127
81 101 99 147
81 96 208 232
81 96 9 211
81 102 84 189
81 98 39 115
81 99 141 215
81 101 8 192
81 100 206 250
81 99 139 178
81 100 123 229
81 102 117 217
81 99 83 158
81 104 140 210
81 105 73 120
81 101 99 202
82 100 19 291
82 101 140 288
82 102 116 227
82 99 19 126
82 103 134 201
82 101 228 324
82 99 11 89
82 101 144 239
82 100 125 242
82 100 283 318
82 104 132 164
82 99 81 261
82 104 88 274
82 99 113 311
82 97 54 214
82 102 36 158
82 101 43 80
82 99 178 278
82 99 130 280
82 99 187 245
82 102 130 217
82 101 156 171
82 100 97 137
82 100 43 177
82 102 69 171
82 102 49 322
82 101 0 126
82 103 45 156
82 103 121 237
82 99 224 268
83 100 3 108
83 100 4 85
83 99 19 96
83 102 177 208
83 100 34 154
83 96 108 296
83 98 35 238
83 102 152 237
83 101 153 310
83 101 52 303
83 101 46 289
83 100 218 265
83 102 5 6
83 100 32 271
83 99 24 126
83 99 290 304
83 100 12 32
83 100 80 211
83 101 180 275
83 98 101 132
83 99 288 293
83 101 220 296
83 105 209 243
83 104 44 142
84 99 178 235
84 98 178 202
84 103 166 212
84 99 49 198
84 100 26 256
84 96 2 70
84 98 103 189
84 97 12 165
84 100 146 151
84 97 124 211
84 97 199 288
84 98 20 139
84 97 194 244
84 99 166 219
84 98 155 250
84 99 16 119
84 99 68 269
84 99 38 255
84 101 142 213
84 101 18 83
84 98 9 242
84 100 50 172
84 103 192 265
84 105 128 133
84 98 75 188
84 100 57 208
84 96 110 218
84 98 184 240
84 98 178 237
84 98 62 219
84 101 59 76
84 97 147 292
85 101 81 282
85 99 222 228
85 102 59 154
85 100 204 245
85 100 85 199
85 100 2 113
85 101 214 239
85 98 137 239
85 97 68 233
85 95 20 112
85 101 166 301
85 103 160 236
85 102 9 54
85 99 202 275
85 99 169 287
85 100 116 237
85 102 29 127
85 102 43 69
85 100 33 300
85 99 226 261
85 97 258 276
85 95 35 104
85 102 6 157
85 101 296 311
85 100 22 217
85 101 23 285
85 99 128 236
85 101 148 220
85 97 65 275
85 100 124 298
85 100 243 309
85 100 229 294
85 101 19 303
85 100 57 215
85 102 76 304
85 104 103 126
85 99 43 207
86 103 8 266
86 102 118 180
86 100 165 212
86 103 145 245
86 97 212 304
86 102 76 133
86 99 188 190
86 96 74 156
86 105 63 140
86 98 104 267
86 101 54 179
86 93 94 231
86 97 92 176
86 102 85 118
86 101 46 150
86 97 180 216
86 99 1 241
86 102 53 300
86 101 0 30
86 100 28 142
86 100 210 271
86 98 103 239
86 98 105 255
86 103 39 211
86 100 76 257
86 97 237 243
87 100 30 153
87 103 206 229
87 99 7 137
87 102 19 63
87 101 181 252
87 101 3 115
87 101 208 297
87 99 261 291
87 99 146 226
87 102 56 203
87 99 75 145
87 102 41 124
87 101 37 186
87 100 136 280
87 101 19 285
87 101 33 186
87 99 190 231
87 103 26 163
87 98 126 252
87 103 152 181
87 103 89 182
87 103 49 254
87 100 119 237
87 102 28 146
87 99 56 187
87 101 74 279
87 101 190 262
87 100 78 213
87 100 64 116
87 101 39 143
87 101 11 220
87 101 16 168
87 98 199 291
88 97 244 274
88 100 52 106
88 102 69 174
88 101 133 179
88 99 20 238
88 102 47 93
88 101 82 200
88 103 48 251
88 99 50 222
88 101 137 189
88 99 45 282
88 104 95 278
88 102 66 223
88 103 8 191
88 100 178 186
88 100 80 176
88 102 134 294
88 101 112 199
88 100 127 167
88 99 66 141
88 99 87 188
88 100 47 49
88 101 201 213
88 102 26 273
88 98 209 288
88 98 103 172
88 101 88 157
88 99 91 229
88 102 105 282
89 99 70 140
89 100 44 152
89 100 158 229
89 101 201 241
89 99 141 303
89 95 167 300
89 103 205 253
89 101 52 139
89 103 211 319
89 100 151 226
89 102 58 120
89 98 164 307
89 99 97 256
89 98 106 156
89 100 228 300
89 95 51 199
89 102 123 188
89 99 56 108
89 97 89 188
89 100 219 293
89 100 171 172
89 99 97 105
89 100 134 261
89 98 12 204
89 99 51 309
89 98 276 281
89 102 70 217
89 101 73 155
89 100 44 236
89 100 127 226
89 101 95 264
90 101 36 43
90 99 37 92
90 102 85 119
90 99 37 118
90 97 23 177
90 101 37 83
90 99 8 92
90 99 77 193
90 97 40 147
90 98 5 251
90 95 27 128
90 98 5 83
90 98 67 138
90 99 77 91
90 103 167 219
90 102 147 201
90 102 4 120
90 100 67 241
90 101 15 82
90 99 78 250
90 99 38 178
90 99 198 213
90 100 72 85
90 100 127 189
90 100 129 212
90 100 91 239
90 102 33 150
90 100 98 181
90 100 103 142
90 100 110 179
91 102 97 149
91 97 19 65
91 99 140 194
91 102 237 307
91 101 60 263
91 98 123 222
91 99 143 288
91 101 100 309
91 99 57 216
91 103 17 304
91 100 9 45
91 99 258 281
91 101 263 280
91 100 108 146
91 99 68 311
91 102 121 228
91 101 3 316
91 99 17 157
91 100 158 295
91 103 11 305
91 102 99 102
91 100 144 269
91 100 12 183
91 99 167 207
91 102 221 252
91 99 16 113
91 99 18 285
91 98 169 297
91 101 20 22
91 99 34 275
91 100 53 83
92 99 101 212
92 100 28 238
92 103 140 229
92 99 13 103
92 100 51 147
92 98 214 268
92 99 50 77
92 101 142 249
92 97 28 118
92 103 45 76
92 99 62 240
92 99 47 144
92 101 150 210
92 98 3 286
92 102 98 279
92 97 193 235
92 97 161 175
92 101 45 166
92 97 131 262
92 100 212 273
92 102 123 188
92 100 6 192
92 98 180 277
92 102 10 131
92 104 245 274
92 100 57 243
92 101 151 222
92 98 278 279
92 100 133 193
92 100 169 266
92 96 166 264
93 101 77 134
93 98 55 280
93 99 19 199
93 101 154 216
93 102 188 245
93 103 196 284
93 100 90 209
93 104 147 169
93 100 23 311
93 102 55 287
93 102 69 169
93 99 86 140
93 99 29 296
93 97 155 168
93 103 120 253
93 98 120 268
93 97 190 207
93 100 133 226
93 101 120 248
93 101 163 253
93 105 62 115
93 102 17 316
93 99 205 282
93 100 9 239
93 98 81 91
93 96 121 236
93 101 9 113
93 98 150 308
93 99 151 271
94 98 35 36
94 102 189 247
94 104 82 266
94 103 141 209
94 103 67 164
94 99 50 346
94 100 115 130
94 102 27 72
94 102 147 182
94 101 264 314
94 100 172 266
94 102 192 206
94 100 57 247
94 99 8 195
94 102 85 183
94 99 236 320
94 102 39 66
94 102 23 193
94 100 196 249
94 99 153 322
94 100 45 204
94 101 53 291
94 99 291 320
94 100 148 223
94 97 32 167
94 98 25 243
94 103 155 162
94 97 155 203
94 100 41 89
94 97 8 232
95 95 43 107
95 101 55 223
95 101 170 197
95 104 15 170
95 105 15 125
95 100 134 218
95 101 50 158
95 99 98 229
95 101 91 206
95 99 198 234
95 101 16 159
95 98 152 250
95 105 62 209
95 101 33 129
95 97 19 112
95 100 57 145
95 99 101 220
95 100 9 162
95 101 144 189
95 97 150 243
95 99 63 153
95 99 135 238
95 98 57 221
95 101 5 214
95 100 80 217
95 100 206 253
95 104 42 44
96 99 201 219
96 99 10 269
96 105 66 168
96 101 47 182
96 101 22 136
96 97 133 262
96 101 70 278
96 100 28 200
96 100 65 149
96 102 15 265
96 101 43 244
96 98 121 206
96 96 116 282
96 98 23 128
96 97 13 91
96 101 17 143
96 102 112 208
96 101 5 255
96 98 79 149
96 99 192 240
96 96 18 103
96 100 118 194
96 102 161 197
96 99 57 107
96 99 197 236
96 99 51 152
96 103 87 163
96 100 17 112
97 96 61 267
97 101 245 291
97 101 182 216
97 106 43 238
97 99 142 190
97 104 34 52
97 100 173 276
97 100 67 109
97 101 18 220
97 102 82 180
97 100 129 222
97 99 45 157
97 102 27 185
97 98 151 265
97 103 133 169
97 99 207 256
97 100 143 216
97 94 39 178
97 100 69 293
97 102 37 219
97 99 116 151
97 99 62 98
97 102 89 309
97 101 42 154
97 100 90 153
97 102 90 212
97 100 189 305
97 100 54 176
97 102 205 219
98 99 195 235
98 99 131 231
98 100 49 192
98 99 93 197
98 101 1 9
98 99 170 238
98 101 53 218
98 95 51 128
98 101 216 256
98 99 104 118
98 104 125 156
98 101 30 70
98 103 1 132
98 102 17 43
98 101 94 229
98 96 62 259
98 99 106 200
98 98 51 213
98 102 1 216
98 100 124 186
98 101 83 222
98 99 3 137
98 95 92 209
98 97 29 39
98 99 209 248
98 97 174 254
98 100 27 41
98 96 46 183
98 98 12 166
99 98 74 190
99 101 202 284
99 97 100 267
99 100 224 309
99 103 67 135
99 102 228 244
99 98 40 234
99 98 110 203
99 100 147 185
99 100 75 93
99 98 97 253
99 102 50 66
99 100 65 292
99 101 9 166
99 102 101 163
99 98 168 238
99 100 0 222
99 98 188 290
99 101 25 151
99 102 146 228
99 98 6 13
99 101 93 204
99 99 186 212
99 99 105 212
99 100 21 271
