0 100 83 108
0 98 33 69
0 99 52 67
0 102 88 108
0 99 58 86
0 101 17 92
0 97 19 55
0 100 32 65
0 101 66 81
0 103 28 33
0 102 33 85
0 100 79 90
0 102 13 26
0 102 62 112
0 100 77 112
0 100 76 101
0 98 1 69
0 102 88 90
0 97 15 48
0 99 17 50
0 98 109 110
0 103 5 11
0 103 6 25
0 105 15 62
0 99 41 110
0 103 25 48
0 101 80 102
0 101 55 80
0 104 8 45
0 101 35 94
0 103 88 103
1 100 2 72
1 99 59 68
1 97 60 86
1 102 58 90
1 97 13 58
1 97 33 90
1 101 34 90
1 98 69 79
1 98 69 74
1 97 60 72
1 99 87 89
1 101 48 57
1 100 3 67
1 99 39 76
1 99 23 69
1 101 37 89
1 104 48 67
1 98 20 66
1 99 18 78
1 99 49 62
1 105 8 67
1 102 25 83
1 98 6 53
1 98 4 7
1 98 45 92
1 101 58 69
1 98 14 58
1 95 49 69
1 102 68 79
1 102 44 83
1 99 26 75
1 99 19 77
1 102 14 77
1 101 13 20
2 97 5 86
2 99 41 55
2 102 80 95
2 101 33 100
2 101 62 82
2 99 9 80
2 104 24 66
2 100 26 30
2 96 84 102
2 100 23 104
2 101 21 36
2 99 35 83
2 100 8 54
2 99 94 95
2 101 54 58
2 102 45 46
2 101 102 106
2 98 17 67
2 98 78 103
2 100 46 63
2 98 31 68
2 99 31 97
2 99 40 96
2 102 6 79
2 99 13 93
2 99 45 103
2 100 47 80
2 99 6 106
2 101 34 65
2 100 9 68
2 98 2 85
2 101 71 104
2 97 34 53
3 102 44 55
3 100 27 91
3 99 68 80
3 100 18 62
3 99 31 71
3 98 49 92
3 102 28 49
3 102 11 37
3 104 20 76
3 101 39 66
3 102 3 35
3 98 20 40
3 98 27 35
3 101 2 35
3 100 52 69
3 103 0 32
3 100 34 37
3 102 33 46
3 101 31 67
3 99 41 58
3 101 28 36
3 103 41 92
3 98 18 56
3 101 45 81
3 100 78 89
4 102 23 53
4 101 0 63
4 99 35 36
4 98 43 91
4 99 37 70
4 102 26 47
4 98 10 78
4 99 29 64
4 96 27 43
4 100 17 88
4 103 16 51
4 99 19 25
4 101 61 91
4 100 59 89
4 99 52 70
4 100 66 86
4 103 7 53
4 100 27 70
4 97 35 46
4 100 11 29
4 100 31 90
4 95 56 77
4 98 9 90
4 102 9 49
5 98 15 61
5 99 44 57
5 98 20 58
5 100 78 96
5 101 3 82
5 99 5 28
5 100 53 71
5 101 19 98
5 96 14 58
5 99 59 90
5 99 6 20
5 99 63 71
5 101 0 35
5 103 66 102
5 100 71 87
5 101 0 4
5 101 19 80
5 99 32 68
5 100 43 65
5 99 3 25
5 101 13 95
5 99 16 35
5 98 22 64
5 101 49 79
5 99 76 80
5 98 69 85
5 97 0 3
5 104 31 50
5 99 72 85
5 105 61 67
6 98 30 106
6 101 3 39
6 102 87 93
6 99 73 81
6 100 37 73
6 100 9 55
6 97 38 99
6 100 12 30
6 102 5 66
6 104 24 58
6 101 0 3
6 99 21 103
6 99 76 97
6 101 45 47
6 95 66 77
6 103 17 54
6 98 34 78
6 104 42 93
6 96 70 90
6 97 32 33
6 100 54 97
6 100 0 106
6 95 4 51
6 98 43 80
6 96 47 64
6 99 31 99
6 99 39 82
6 105 9 105
6 99 2 30
7 98 6 50
7 97 37 70
7 97 2 53
7 98 24 67
7 101 44 50
7 103 31 76
7 98 5 43
7 100 44 54
7 99 8 55
7 97 15 30
7 98 18 64
7 100 11 64
7 97 11 61
7 102 47 58
7 101 3 57
7 101 6 57
7 102 36 75
7 99 24 63
7 101 28 71
7 99 3 58
8 98 4 58
8 104 30 56
8 102 21 70
8 99 32 80
8 97 61 64
8 98 2 18
8 100 1 85
8 100 45 82
8 99 26 73
8 102 73 81
8 100 58 65
8 98 20 25
8 97 1 18
8 100 14 79
8 99 30 86
8 99 42 80
8 100 51 74
8 100 7 88
8 98 66 87
8 99 16 65
8 98 21 54
8 104 33 67
8 98 10 71
8 99 13 28
8 102 65 88
8 101 32 87
8 100 29 69
9 100 33 38
9 99 34 91
9 100 19 47
9 99 32 57
9 100 29 64
9 102 3 53
9 101 13 54
9 103 14 40
9 102 3 66
9 101 30 42
9 100 11 65
9 100 18 85
9 103 21 78
9 103 37 85
9 102 34 75
9 101 48 70
9 98 22 59
9 102 0 71
9 105 39 49
9 101 13 55
9 101 8 68
9 100 0 89
9 103 25 69
9 101 32 48
9 99 25 58
9 100 22 45
9 98 48 70
9 100 5 16
9 102 15 72
9 95 26 72
9 96 5 87
9 101 2 57
10 102 12 59
10 101 26 88
10 99 36 55
10 100 48 94
10 104 8 54
10 100 51 73
10 103 46 94
10 104 44 71
10 101 23 71
10 104 78 80
10 100 2 61
10 102 20 62
10 102 51 60
10 100 49 64
10 101 3 49
10 99 33 72
10 100 8 19
10 99 1 49
10 101 27 50
10 97 36 61
10 101 30 70
10 100 22 53
10 100 27 35
10 101 0 66
10 103 0 96
10 99 69 78
10 98 20 48
10 98 8 52
10 97 20 77
10 99 62 64
10 102 37 93
10 100 60 79
10 97 14 45
11 101 25 84
11 100 58 83
11 98 33 36
11 101 41 96
11 103 33 63
11 99 38 83
11 98 11 64
11 98 46 79
11 102 82 84
11 101 4 65
11 100 15 73
11 99 27 67
11 96 45 94
11 96 4 52
11 101 43 48
11 100 83 85
11 98 25 82
11 95 4 16
11 101 64 91
11 100 1 12
11 100 4 33
11 102 13 34
11 101 9 72
11 102 68 86
11 100 44 50
12 101 3 29
12 103 10 67
12 96 54 65
12 102 24 77
12 98 1 102
12 99 43 79
12 99 7 51
12 98 52 86
12 98 58 83
12 102 23 78
12 101 38 77
12 100 36 83
12 103 37 85
12 102 90 97
12 99 40 94
12 98 48 82
12 100 32 100
12 101 6 69
12 102 11 34
12 100 0 8
12 101 44 96
12 97 71 89
12 101 28 70
12 97 20 37
12 99 21 71
12 98 15 78
12 99 56 65
12 101 48 96
12 100 23 48
12 96 6 87
12 100 28 85
12 98 15 76
12 96 63 101
12 104 4 7
13 100 12 57
13 101 30 36
13 100 1 25
13 101 13 59
13 100 25 81
13 103 18 38
13 102 2 93
13 103 9 40
13 102 50 82
13 101 75 94
13 99 19 62
13 98 17 56
13 97 42 66
13 100 25 62
13 102 37 83
13 101 26 76
13 103 38 92
13 99 36 76
13 103 34 58
13 97 1 51
13 100 16 92
13 100 1 34
13 98 10 75
13 103 6 49
13 97 45 78
13 98 37 52
13 103 24 93
14 100 18 77
14 101 37 69
14 101 30 45
14 100 2 69
14 100 34 49
14 99 16 76
14 97 49 72
14 99 18 47
14 99 24 59
14 105 10 19
14 103 3 55
14 99 58 70
14 100 55 57
14 100 57 70
14 97 8 20
14 99 9 75
14 100 25 62
14 101 0 80
14 100 6 51
14 98 22 39
14 94 37 76
14 103 2 67
14 96 19 72
14 100 48 67
14 98 19 71
14 101 50 61
15 101 32 47
15 102 10 42
15 102 42 80
15 99 31 48
15 99 18 36
15 98 16 22
15 103 52 58
15 103 54 68
15 101 28 41
15 99 37 83
15 100 13 54
15 100 37 58
15 98 18 55
15 98 50 76
15 102 17 63
15 97 56 69
15 94 32 60
15 99 40 51
15 101 15 70
15 101 7 98
15 100 73 96
15 101 12 86
15 100 29 33
15 96 31 59
15 99 13 96
15 98 62 93
15 100 50 93
15 100 55 77
15 100 18 62
15 97 3 29
15 100 11 85
15 101 13 20
15 101 14 79
15 97 37 79
15 101 21 75
16 99 24 59
16 99 47 79
16 100 31 56
16 102 18 80
16 106 5 35
16 98 32 38
16 99 15 19
16 102 37 59
16 99 37 88
16 97 82 91
16 100 53 70
16 100 20 84
16 100 7 77
16 100 24 53
16 102 14 31
16 100 48 71
16 98 53 79
16 101 41 61
16 98 17 72
16 99 25 32
16 103 12 65
16 101 0 62
16 101 41 49
16 102 58 86
16 103 0 41
16 100 29 58
16 99 19 70
16 102 48 89
16 101 61 84
16 100 37 76
17 100 84 105
17 103 19 94
17 101 54 57
17 101 8 32
17 100 7 53
17 104 38 82
17 103 26 58
17 101 94 103
17 102 25 60
17 94 31 72
17 97 22 76
17 100 8 10
17 101 8 49
17 99 18 57
17 101 4 78
17 104 61 79
17 101 60 94
17 100 47 92
17 98 18 77
17 99 66 106
17 101 37 87
17 99 20 103
17 104 6 60
17 100 39 60
17 100 18 23
17 101 28 72
17 100 7 65
17 98 10 67
17 100 5 51
17 100 19 95
17 93 41 43
18 101 90 97
18 99 41 56
18 98 84 89
18 98 12 21
18 100 20 71
18 98 48 96
18 98 47 98
18 102 43 76
18 102 29 99
18 102 51 100
18 100 28 51
18 98 28 46
18 105 5 94
18 97 12 81
18 98 60 77
18 102 34 43
18 98 8 81
18 102 79 93
18 98 17 49
18 102 10 51
18 97 56 99
18 99 7 66
18 98 27 66
18 102 31 63
18 101 28 35
18 102 17 67
18 102 17 26
18 100 42 99
18 100 61 66
19 101 37 56
19 100 10 45
19 101 61 85
19 103 74 93
19 100 1 17
19 100 4 39
19 98 68 99
19 99 3 25
19 98 11 30
19 101 11 38
19 104 30 62
19 101 11 88
19 93 23 66
19 98 1 46
19 99 48 65
19 97 25 94
19 100 7 69
19 100 7 38
19 96 89 96
19 99 11 58
19 99 57 60
19 100 10 80
19 98 49 73
19 103 79 93
19 98 25 96
19 100 31 58
19 101 28 96
20 99 16 73
20 100 8 56
20 99 54 59
20 102 56 64
20 98 4 58
20 96 4 72
20 101 0 96
20 98 35 86
20 101 62 100
20 101 11 63
20 99 51 73
20 95 78 92
20 96 25 97
20 98 4 71
20 100 52 58
20 99 9 12
20 101 10 45
20 97 62 98
20 100 3 53
20 102 51 101
20 99 75 93
20 99 65 73
20 98 28 62
20 104 55 99
20 103 44 80
20 103 36 80
20 101 13 61
21 100 61 95
21 103 58 90
21 106 74 80
21 99 23 77
21 100 62 90
21 101 57 65
21 102 7 85
21 101 0 84
21 97 23 46
21 104 18 60
21 101 19 42
21 97 32 104
21 98 56 85
21 97 20 98
21 99 55 94
21 95 25 83
21 101 35 102
21 100 72 99
21 103 22 24
21 99 62 91
21 98 3 46
21 99 25 84
21 100 0 19
21 100 45 102
21 98 48 74
21 99 13 20
21 100 62 80
21 96 25 90
21 100 34 84
21 100 42 80
21 104 4 9
22 99 41 90
22 100 26 89
22 99 47 48
22 102 47 82
22 100 19 32
22 97 16 17
22 100 44 59
22 103 80 81
22 96 49 76
22 102 24 78
22 100 5 45
22 102 33 42
22 102 6 75
22 98 27 90
22 99 47 82
22 101 29 87
22 99 7 77
22 100 8 85
22 99 2 71
22 101 11 57
22 98 21 65
22 101 11 73
22 98 60 76
22 102 4 75
22 99 31 84
22 103 54 83
22 98 1 32
22 100 47 79
22 103 8 34
23 105 37 51
23 102 57 101
23 101 3 15
23 101 51 101
23 105 0 21
23 103 53 77
23 102 20 104
23 104 48 67
23 101 33 46
23 102 34 56
23 101 10 45
23 99 28 87
23 99 24 103
23 98 20 59
23 103 37 78
23 99 53 58
23 101 52 94
23 100 0 87
23 101 2 60
23 100 51 61
23 97 83 95
23 96 45 66
23 100 6 106
23 100 15 47
23 102 16 67
23 101 37 103
23 104 5 52
23 100 20 80
23 99 19 52
23 98 42 63
23 99 35 54
23 98 4 108
23 99 7 55
24 98 24 72
24 101 28 72
24 103 68 106
24 99 80 84
24 103 2 92
24 99 9 86
24 100 25 60
24 99 25 97
24 99 4 62
24 101 16 103
24 99 7 58
24 103 32 96
24 100 49 70
24 97 18 73
24 101 49 76
24 97 18 24
24 99 14 53
24 98 42 80
24 99 1 72
24 96 17 73
24 98 12 74
24 100 60 93
24 103 33 95
24 102 5 43
24 98 18 48
24 100 40 92
24 99 52 81
24 101 39 62
24 102 83 94
24 101 37 99
24 102 16 68
25 100 23 70
25 99 22 63
25 100 17 27
25 103 32 77
25 99 0 64
25 97 5 26
25 97 7 92
25 100 34 65
25 101 39 91
25 101 11 84
25 100 88 89
25 98 0 95
25 97 15 44
25 101 10 28
25 100 26 62
25 102 21 57
25 101 46 75
25 99 21 63
25 102 78 85
25 103 13 87
25 101 11 59
25 98 10 86
25 100 50 65
25 105 13 30
25 102 4 62
25 102 41 81
25 104 12 58
25 100 14 51
25 102 7 70
25 100 12 66
25 102 9 86
26 99 48 67
26 100 39 111
26 102 78 86
26 100 34 105
26 100 62 83
26 100 35 39
26 101 17 42
26 99 26 64
26 98 48 75
26 96 8 24
26 102 51 65
26 101 72 90
26 97 78 93
26 101 42 104
26 100 16 48
26 99 5 44
26 101 84 93
26 100 26 37
26 103 19 39
26 104 58 97
26 97 54 92
26 102 83 97
26 100 28 34
26 99 24 87
26 100 15 95
26 100 13 48
26 100 61 93
26 96 35 100
26 101 31 45
27 100 10 92
27 98 22 41
27 100 20 70
27 100 65 73
27 101 69 82
27 104 41 85
27 98 61 68
27 102 23 72
27 100 33 82
27 101 45 88
27 103 91 93
27 98 48 52
27 97 24 46
27 99 23 77
27 96 42 68
27 99 35 81
27 98 20 70
27 98 19 82
27 100 7 61
27 99 13 74
27 100 4 79
27 97 5 55
27 99 59 91
27 103 1 81
27 103 40 82
28 101 23 43
28 103 3 46
28 101 2 92
28 100 70 92
28 97 23 76
28 100 19 23
28 100 1 23
28 98 60 87
28 100 3 79
28 102 1 43
28 101 62 75
28 102 10 50
28 101 10 55
28 102 36 92
28 102 37 88
28 99 21 60
28 103 1 78
28 98 25 48
28 99 15 83
28 100 51 71
28 98 10 72
28 103 17 88
28 99 23 59
28 101 19 58
28 100 11 30
28 102 25 34
28 98 8 57
28 99 43 75
29 101 68 91
29 101 9 62
29 103 87 89
29 97 16 21
29 104 25 76
29 104 5 87
29 99 33 82
29 100 26 42
29 101 42 76
29 101 24 32
29 101 7 24
29 102 97 102
29 101 0 58
29 101 6 19
29 97 40 62
29 102 37 39
29 99 10 84
29 101 81 100
29 98 14 62
29 99 46 90
29 101 25 42
29 101 70 71
29 96 42 83
29 98 0 29
29 96 19 62
29 101 30 86
29 104 32 82
29 103 4 89
29 102 19 93
30 98 43 100
30 101 10 28
30 98 6 16
30 102 68 86
30 102 57 85
30 100 93 99
30 105 52 67
30 98 4 38
30 101 19 74
30 100 37 51
30 101 37 63
30 100 48 84
30 100 92 96
30 100 62 68
30 103 42 58
30 96 33 63
30 104 28 77
30 98 59 84
30 99 15 46
30 102 39 98
30 102 15 70
30 99 44 95
30 100 17 70
30 95 36 75
30 98 19 69
30 99 51 60
30 98 40 83
30 101 4 34
30 99 20 46
30 101 17 38
30 100 21 36
30 98 36 78
30 99 10 12
31 103 7 86
31 95 16 55
31 102 13 27
31 98 37 42
31 97 7 63
31 99 46 69
31 101 5 76
31 103 12 83
31 94 79 81
31 101 9 52
31 99 50 75
31 97 21 42
31 102 41 67
31 102 14 44
31 100 51 71
31 102 24 67
31 98 9 36
31 103 15 33
31 97 60 86
31 100 22 82
31 102 17 48
31 97 58 77
31 96 27 67
31 103 39 77
31 100 15 68
31 101 1 13
31 103 2 51
31 103 40 67
31 99 74 77
31 100 29 79
31 101 31 75
32 104 4 8
32 98 8 59
32 96 70 96
32 101 71 76
32 99 51 64
32 100 3 31
32 100 38 93
32 105 89 103
32 100 2 80
32 99 63 93
32 102 29 68
32 99 56 92
32 99 51 103
32 103 13 56
32 100 38 73
32 103 51 87
32 98 32 103
32 97 78 94
32 101 44 101
32 101 45 89
32 102 58 62
32 102 25 87
32 99 14 46
32 98 20 27
32 98 41 103
32 102 28 67
32 105 16 100
32 102 12 51
32 98 27 64
32 101 5 80
32 98 77 80
33 100 70 71
33 97 8 89
33 100 72 94
33 101 23 51
33 100 33 49
33 98 63 102
33 101 25 56
33 99 36 74
33 99 26 93
33 104 5 7
33 99 17 31
33 98 70 79
33 95 0 45
33 101 6 81
33 98 64 102
33 101 47 57
33 98 29 48
33 101 11 69
33 100 42 105
33 101 67 106
33 101 23 60
33 102 38 67
33 100 39 97
33 100 0 41
33 99 1 39
33 100 64 83
33 102 52 69
33 103 45 69
33 101 33 103
33 99 25 93
33 103 37 73
33 104 1 91
34 99 88 110
34 100 7 105
34 100 55 106
34 98 29 72
34 98 98 119
34 98 0 63
34 100 77 114
34 102 58 101
34 99 21 38
34 98 18 88
34 99 90 108
34 100 19 97
34 99 12 78
34 101 24 71
34 98 48 78
34 102 0 48
34 100 41 88
34 100 28 66
34 100 36 81
34 103 34 66
34 99 84 104
34 99 44 103
34 101 41 43
34 101 39 110
34 102 86 114
34 100 69 98
34 100 20 70
34 97 50 81
34 103 5 62
34 100 17 120
34 101 36 62
34 101 6 37
34 102 85 106
34 99 25 95
34 100 7 85
34 100 26 64
35 97 72 92
35 99 45 62
35 99 57 98
35 98 13 85
35 102 68 75
35 98 65 90
35 101 15 40
35 96 34 47
35 101 38 93
35 98 65 89
35 103 23 24
35 101 8 89
35 100 9 41
35 101 63 67
35 102 7 62
35 100 11 79
35 97 7 37
35 97 7 86
35 101 16 81
35 103 20 29
35 101 66 88
35 99 33 79
35 100 0 4
35 99 12 97
36 105 80 89
36 98 0 62
36 100 15 90
36 98 1 18
36 101 14 22
36 100 41 77
36 99 37 92
36 100 6 37
36 101 29 43
36 98 15 18
36 97 19 77
36 100 57 69
36 99 58 72
36 103 12 48
36 100 43 85
36 97 2 91
36 99 65 82
36 101 0 93
36 96 18 83
36 100 22 84
36 99 5 83
36 102 15 70
36 100 58 93
36 103 22 29
36 102 71 86
36 104 25 61
36 100 7 47
36 103 68 79
36 100 35 70
36 97 21 69
36 99 1 91
36 101 7 33
36 97 28 49
37 97 28 39
37 99 48 68
37 98 17 48
37 97 49 65
37 99 63 76
37 99 36 70
37 95 17 73
37 99 32 56
37 99 25 73
37 96 70 72
37 103 73 84
37 100 43 79
37 100 19 28
37 104 23 55
37 100 7 83
37 98 39 77
37 102 19 65
37 102 69 89
37 100 5 47
37 101 36 81
37 100 7 69
37 99 4 74
37 99 12 67
37 106 70 75
37 100 2 30
37 101 20 82
37 102 41 91
37 100 13 67
38 101 36 42
38 101 60 73
38 104 44 86
38 99 78 80
38 102 49 78
38 98 48 66
38 105 13 86
38 99 22 24
38 98 2 78
38 103 10 84
38 102 30 75
38 100 49 69
38 101 30 40
38 102 36 81
38 103 21 81
38 98 6 69
38 101 0 86
38 102 9 62
38 101 24 80
38 100 19 40
38 101 17 39
38 99 3 21
38 103 43 80
38 101 52 75
38 102 17 56
38 100 27 35
38 102 2 12
38 100 16 72
38 99 25 80
39 102 38 62
39 99 3 82
39 100 30 72
39 103 10 94
39 100 0 62
39 100 23 66
39 101 71 92
39 100 18 71
39 99 36 71
39 99 14 75
39 98 24 65
39 102 31 83
39 101 5 18
39 104 34 78
39 104 9 90
39 100 3 61
39 98 45 61
39 104 32 42
39 101 8 94
39 101 17 58
39 99 61 78
39 100 48 54
39 99 6 10
39 104 14 93
39 101 33 91
39 97 46 65
39 101 10 15
39 99 14 65
39 101 21 65
39 97 28 72
39 98 18 26
40 98 65 95
40 103 7 32
40 99 34 75
40 98 74 100
40 98 20 99
40 100 56 77
40 105 60 73
40 103 55 100
40 100 17 25
40 99 21 64
40 98 29 85
40 97 20 57
40 97 68 71
40 100 30 102
40 101 10 67
40 101 9 79
40 100 8 67
40 100 26 63
40 98 28 102
40 100 51 83
40 101 22 95
40 102 23 59
40 99 46 48
40 99 7 11
40 101 31 69
40 101 42 63
40 98 9 92
40 100 64 74
40 99 51 90
41 101 7 100
41 99 42 70
41 98 46 102
41 98 10 56
41 99 26 88
41 96 22 65
41 101 14 45
41 104 14 25
41 103 50 91
41 104 52 53
41 100 66 75
41 100 58 94
41 97 97 101
41 102 11 59
41 105 45 100
41 104 62 83
41 102 1 63
41 99 10 77
41 102 55 65
41 100 37 81
41 101 70 80
41 99 27 51
41 102 1 87
41 97 36 95
41 101 75 82
41 102 49 81
41 100 5 44
41 100 45 76
41 99 50 73
41 99 10 59
41 98 79 105
42 99 4 55
42 102 4 19
42 107 36 58
42 105 38 88
42 96 48 67
42 99 10 39
42 101 0 91
42 98 5 76
42 100 6 67
42 99 60 63
42 97 52 61
42 98 62 83
42 100 19 87
42 102 4 49
42 101 35 70
42 104 1 83
42 99 12 37
42 100 62 73
42 98 7 48
42 100 33 70
42 104 24 45
42 99 2 26
42 100 74 84
42 104 39 47
42 101 35 52
42 100 39 53
42 103 56 65
43 101 51 76
43 100 48 77
43 101 41 76
43 99 38 81
43 97 10 78
43 96 72 81
43 98 11 21
43 102 36 52
43 99 60 81
43 103 19 69
43 98 13 16
43 96 27 42
43 93 31 55
43 97 53 78
43 99 44 65
43 99 12 67
43 100 20 52
43 98 13 56
43 99 10 84
43 103 14 61
43 99 36 39
43 102 19 39
43 102 19 64
43 97 34 41
43 101 27 33
43 101 20 65
43 100 25 77
43 96 38 62
44 102 9 47
44 102 6 63
44 99 41 57
44 100 74 96
44 98 85 87
44 101 59 96
44 97 19 32
44 104 77 100
44 100 31 87
44 100 19 95
44 102 58 78
44 101 23 74
44 103 20 60
44 100 2 23
44 98 78 102
44 98 55 93
44 101 50 102
44 101 0 100
44 100 43 60
44 101 17 77
44 99 90 96
44 100 36 73
44 105 24 36
44 100 8 96
44 97 52 77
44 101 24 63
44 96 58 94
44 102 39 65
44 101 47 95
44 97 30 56
44 100 60 82
44 102 52 84
44 98 5 102
44 99 67 70
45 99 14 38
45 101 52 71
45 102 32 96
45 101 41 49
45 101 29 87
45 103 45 59
45 99 13 52
45 102 20 86
45 100 24 58
45 99 41 50
45 98 5 22
45 97 30 79
45 102 1 84
45 100 26 62
45 97 18 76
45 98 21 39
45 99 33 38
45 100 22 43
45 99 72 90
45 99 0 32
45 102 17 83
45 104 46 100
45 96 39 80
45 103 2 16
45 100 23 68
45 100 47 72
45 98 22 86
45 100 57 88
45 101 0 34
45 102 46 97
45 100 63 90
46 100 47 76
46 101 49 82
46 100 3 26
46 101 4 76
46 100 19 32
46 97 21 54
46 101 2 75
46 99 72 85
46 101 2 78
46 100 29 86
46 100 6 8
46 100 0 35
46 102 24 58
46 97 62 84
46 97 22 90
46 102 23 55
46 101 4 84
46 99 29 82
46 98 22 32
46 102 54 71
46 98 0 38
46 100 64 83
46 101 54 74
46 102 30 52
46 104 53 90
46 97 12 32
46 101 11 44
46 103 51 72
47 100 17 44
47 97 39 78
47 99 60 96
47 98 45 70
47 98 54 70
47 101 20 95
47 97 3 4
47 99 3 59
47 99 25 53
47 101 24 61
47 102 63 80
47 100 12 102
47 100 62 91
47 98 53 74
47 97 9 59
47 104 66 100
47 97 0 104
47 100 35 65
47 101 57 96
47 101 48 60
47 98 95 96
47 98 6 71
47 101 7 86
47 100 9 23
47 101 46 99
47 102 77 97
47 100 42 44
47 101 23 77
47 96 27 76
47 101 2 103
47 100 68 91
48 102 15 69
48 100 7 71
48 102 20 50
48 101 52 73
48 99 24 78
48 100 0 86
48 102 29 50
48 101 22 77
48 104 4 27
48 101 46 67
48 100 5 36
48 99 37 62
48 98 5 70
48 99 7 60
48 101 26 84
48 102 1 54
48 102 25 85
48 101 0 63
48 99 6 76
48 103 42 72
48 101 37 52
48 101 29 65
48 100 38 86
48 101 13 30
48 101 7 42
48 102 4 26
48 102 20 85
48 100 24 64
48 102 31 62
48 104 3 63
48 101 41 85
49 97 37 63
49 101 16 43
49 99 21 44
49 100 23 97
49 101 46 97
49 100 12 51
49 95 23 93
49 103 24 65
49 99 26 89
49 97 34 54
49 101 27 78
49 102 5 70
49 100 3 78
49 102 29 43
49 100 33 91
49 100 4 75
49 99 11 69
49 95 29 84
49 102 41 95
49 99 35 97
49 99 5 71
49 100 43 68
49 100 22 82
49 100 14 58
49 97 77 87
49 99 0 75
49 101 10 58
49 100 7 48
50 102 2 21
50 103 63 68
50 99 24 55
50 103 66 86
50 100 36 40
50 99 53 83
50 101 76 78
50 96 17 52
50 103 50 83
50 99 58 82
50 101 61 75
50 103 64 87
50 100 35 80
50 98 40 90
50 99 66 90
50 101 26 86
50 99 54 75
50 97 19 91
50 100 7 40
50 100 31 85
50 100 24 92
50 103 50 82
50 101 31 34
50 103 38 81
50 101 27 59
50 102 65 90
50 99 24 74
50 100 67 68
50 102 56 85
50 102 18 43
50 101 18 80
50 104 37 70
50 101 38 68
51 99 0 24
51 101 28 86
51 100 16 42
51 98 8 58
51 100 8 67
51 100 0 67
51 96 58 59
51 98 4 72
51 102 13 86
51 97 8 37
51 96 36 84
51 102 54 80
51 101 0 72
51 100 35 76
51 100 33 51
51 99 67 88
51 101 39 77
51 98 50 82
51 97 70 86
51 101 11 83
51 99 45 89
51 101 36 69
51 100 20 89
51 100 17 42
51 100 25 48
51 102 41 72
51 100 69 89
51 97 1 39
51 102 33 51
51 97 21 47
51 103 39 80
52 98 59 110
52 101 6 83
52 104 19 113
52 101 49 102
52 99 59 107
52 98 12 29
52 98 4 17
52 99 16 84
52 102 85 108
52 102 50 67
52 99 38 56
52 100 15 37
52 101 14 77
52 99 48 87
52 100 35 82
52 99 63 78
52 102 11 102
52 99 50 73
52 100 3 69
52 101 47 77
52 98 63 92
52 101 100 116
52 96 26 108
52 99 4 40
52 99 1 10
52 99 53 84
52 103 59 80
52 96 46 56
52 99 34 67
52 95 6 63
52 101 41 70
52 103 38 74
53 102 1 36
53 100 38 74
53 98 8 59
53 101 7 81
53 102 44 60
53 101 38 54
53 99 42 73
53 101 13 69
53 99 15 80
53 97 8 43
53 102 17 48
53 100 0 67
53 103 14 46
53 102 60 75
53 96 75 86
53 101 3 72
53 100 51 68
53 100 23 67
53 100 5 56
53 100 34 39
53 102 17 51
53 100 9 37
54 100 64 77
54 98 65 97
54 102 13 44
54 104 36 95
54 100 37 94
54 98 6 18
54 96 12 38
54 100 3 64
54 100 12 57
54 102 1 53
54 102 26 32
54 101 54 69
54 99 0 82
54 97 63 87
54 99 38 88
54 98 19 34
54 101 28 94
54 101 70 71
54 99 26 72
54 106 3 38
54 102 49 63
54 101 25 34
54 101 15 26
54 99 58 84
54 101 61 96
55 99 33 76
55 100 55 74
55 101 37 56
55 99 24 45
55 98 8 43
55 96 1 45
55 102 36 67
55 99 7 83
55 100 25 75
55 102 22 56
55 102 15 55
55 103 16 70
55 99 0 86
55 101 0 70
55 100 6 44
55 97 9 19
55 98 39 65
55 102 15 20
55 103 0 28
55 100 16 24
55 104 56 57
55 98 2 18
55 102 25 59
55 102 4 24
55 103 12 23
55 96 35 67
55 101 6 48
55 101 0 24
55 99 12 78
55 98 8 49
55 99 4 83
55 100 7 41
55 98 16 38
56 100 17 83
56 100 19 58
56 99 38 56
56 101 33 58
56 98 46 54
56 101 42 101
56 100 10 40
56 102 8 50
56 99 3 87
56 96 17 37
56 103 16 34
56 102 55 95
56 101 30 54
56 96 43 80
56 99 1 98
56 100 5 79
56 98 96 97
56 102 1 76
56 100 6 16
56 98 19 102
56 101 58 90
56 101 15 54
56 98 28 73
56 99 32 65
56 98 5 97
56 100 78 91
56 99 0 20
56 102 33 87
56 98 23 38
56 101 2 15
57 99 34 47
57 101 11 61
57 99 28 87
57 100 45 95
57 101 8 42
57 99 7 19
57 102 9 37
57 98 3 22
57 98 20 46
57 100 5 79
57 102 79 89
57 102 32 75
57 100 38 89
57 100 30 87
57 101 68 74
57 98 88 89
57 102 42 52
57 100 29 84
57 99 47 84
57 100 44 94
57 98 20 82
57 99 45 86
57 99 32 65
57 100 1 5
57 103 0 56
57 100 8 59
57 98 26 68
57 100 54 69
57 100 84 91
57 106 2 42
58 100 15 48
58 102 37 59
58 102 37 77
58 100 35 59
58 99 20 38
58 98 21 27
58 99 50 73
58 97 11 46
58 99 3 46
58 99 6 52
58 102 15 66
58 99 24 46
58 100 31 48
58 101 26 29
58 101 42 64
58 96 24 77
58 99 45 75
58 100 2 71
58 100 14 68
58 99 73 75
58 103 6 77
58 97 25 57
58 97 1 77
59 99 75 82
59 100 46 77
59 102 0 73
59 97 5 96
59 101 52 72
59 100 25 66
59 99 3 87
59 103 16 91
59 101 22 53
59 102 20 66
59 102 4 17
59 102 3 12
59 100 25 50
59 96 83 85
59 99 0 26
59 101 8 14
59 100 21 35
59 100 17 52
59 102 24 95
59 99 7 63
59 102 33 48
59 100 26 95
59 98 31 88
59 100 73 78
59 103 11 45
59 101 12 78
59 98 67 89
60 101 16 29
60 103 107 108
60 99 28 63
60 100 58 59
60 99 45 75
60 101 87 108
60 98 17 62
60 99 42 86
60 98 26 67
60 100 9 18
60 104 38 105
60 98 16 88
60 100 12 51
60 102 21 55
60 97 86 108
60 96 30 54
60 101 12 105
60 102 0 49
60 100 41 88
60 100 6 57
60 101 105 106
60 97 49 83
60 103 2 29
60 99 51 95
60 103 62 84
60 100 54 104
60 98 58 85
61 99 34 69
61 100 25 69
61 100 34 74
61 100 4 94
61 102 37 82
61 102 52 86
61 102 52 62
61 100 46 87
61 103 26 89
61 100 18 65
61 97 15 49
61 100 7 65
61 97 31 65
61 100 53 54
61 100 57 89
61 103 3 20
61 102 21 95
61 99 6 74
61 99 22 93
61 99 79 85
61 100 30 58
61 103 40 54
61 99 25 72
61 106 27 90
61 99 6 90
61 97 17 79
61 97 21 47
61 98 85 89
62 97 17 39
62 100 21 48
62 98 15 33
62 101 15 69
62 97 18 22
62 102 44 78
62 105 8 96
62 96 24 79
62 97 14 57
62 101 91 99
62 104 48 82
62 99 90 98
62 97 52 68
62 100 2 38
62 101 76 94
62 97 3 33
62 104 69 80
62 99 25 90
62 99 16 86
62 100 1 51
62 102 5 54
62 99 30 83
62 97 21 90
62 101 4 51
62 101 52 84
62 98 47 86
62 100 47 87
62 100 31 83
63 98 8 41
63 100 2 69
63 99 31 53
63 101 41 79
63 101 31 68
63 104 17 68
63 99 2 83
63 101 29 68
63 102 12 82
63 103 26 44
63 99 53 80
63 101 0 27
63 98 40 69
63 98 10 76
63 102 19 24
63 101 20 52
63 96 4 64
63 102 13 57
63 99 15 39
63 99 70 83
63 101 16 85
63 100 13 38
63 103 2 17
63 103 39 64
63 101 15 67
63 104 32 64
64 102 49 63
64 100 19 51
64 100 7 23
64 101 61 79
64 101 2 81
64 98 1 14
64 99 8 58
64 99 8 71
64 101 31 50
64 101 15 70
64 99 71 81
64 101 7 21
64 99 60 74
64 104 59 76
64 99 7 67
64 98 16 50
64 103 48 72
64 100 9 76
64 102 28 82
64 99 2 81
64 100 1 81
64 100 2 60
64 98 23 79
64 102 29 46
64 97 1 59
64 101 33 75
64 99 38 65
65 101 10 43
65 98 6 50
65 102 21 44
65 100 2 25
65 100 61 86
65 101 57 99
65 101 60 79
65 101 49 98
65 102 58 100
65 100 58 98
65 98 58 72
65 104 2 11
65 103 61 100
65 97 29 79
65 98 15 43
65 99 4 42
65 99 28 81
65 99 12 60
65 100 1 3
65 103 32 75
65 98 27 80
65 99 12 86
65 98 16 19
65 96 1 98
65 99 25 68
65 102 24 37
65 102 39 66
65 99 26 84
66 102 57 98
66 101 36 42
66 101 17 91
66 97 36 74
66 102 21 69
66 100 18 68
66 100 20 58
66 101 44 86
66 101 7 49
66 103 0 54
66 101 45 86
66 98 48 69
66 102 40 82
66 99 19 25
66 100 15 68
66 99 37 92
66 101 64 88
66 100 16 71
66 100 16 47
66 98 24 67
66 99 14 61
66 103 8 62
66 98 5 40
66 100 12 22
66 98 38 67
66 98 12 44
66 101 4 17
66 99 44 70
66 103 31 67
67 100 55 78
67 99 26 75
67 100 24 48
67 101 25 95
67 98 43 76
67 102 66 68
67 98 0 49
67 98 54 90
67 100 7 50
67 99 41 56
67 101 9 61
67 102 46 92
67 99 90 98
67 99 48 82
67 99 60 71
67 100 83 98
67 104 28 85
67 98 37 97
67 98 10 60
67 102 33 56
67 100 48 58
67 100 20 36
67 98 86 90
67 102 47 91
67 101 0 75
67 101 26 74
67 99 32 71
67 97 18 35
67 100 79 95
68 101 23 81
68 101 82 88
68 102 5 44
68 103 34 100
68 100 34 92
68 100 39 99
68 101 16 31
68 101 48 96
68 99 69 106
68 101 51 85
68 101 14 80
68 98 23 43
68 104 67 88
68 104 1 9
68 97 40 85
68 100 4 16
68 100 6 84
68 100 59 99
68 101 55 100
68 103 33 94
68 101 41 65
68 99 60 104
68 101 38 77
68 102 31 94
68 100 56 72
68 101 62 74
68 103 48 101
68 99 24 35
68 101 12 28
68 101 55 83
68 101 22 69
69 98 16 56
69 100 9 58
69 99 3 71
69 100 43 86
69 98 19 79
69 98 23 28
69 100 47 89
69 99 7 39
69 101 23 85
69 98 20 75
69 101 23 66
69 105 2 79
69 96 23 33
69 100 25 64
69 98 55 91
69 96 31 59
69 97 42 91
69 102 36 48
69 99 41 71
69 98 7 26
69 101 1 89
69 101 40 45
69 101 39 74
69 99 41 73
69 100 15 75
69 100 13 69
69 99 27 83
69 98 1 58
69 101 0 92
69 99 9 34
69 100 22 39
69 103 6 65
70 98 48 108
70 98 48 70
70 96 14 38
70 98 56 75
70 98 45 96
70 98 1 55
70 98 41 48
70 97 49 65
70 104 3 68
70 98 90 94
70 101 78 88
70 101 34 100
70 98 32 81
70 100 8 95
70 102 50 103
70 100 57 71
70 102 38 82
70 100 4 13
70 99 6 38
70 103 66 78
70 99 77 95
70 100 36 46
70 97 59 107
70 102 6 87
70 99 4 26
70 101 55 82
70 100 80 93
70 104 40 85
71 103 31 50
71 97 36 80
71 100 26 65
71 99 10 49
71 102 43 74
71 98 0 8
71 100 55 81
71 106 26 90
71 99 51 66
71 103 47 79
71 102 38 74
71 102 73 92
71 100 42 57
71 100 4 24
71 104 75 83
71 100 6 72
71 99 13 49
71 100 1 74
71 97 34 90
71 101 46 81
71 99 51 70
71 101 17 30
71 98 25 92
71 102 4 47
71 100 27 73
71 99 17 53
71 102 22 85
71 98 25 49
71 99 33 80
71 99 47 72
71 97 53 83
71 100 13 70
71 98 51 74
71 96 1 28
72 99 33 59
72 99 40 96
72 99 16 53
72 102 8 16
72 102 14 93
72 98 11 35
72 97 43 89
72 101 30 78
72 100 79 95
72 103 31 67
72 99 45 97
72 100 12 66
72 101 16 47
72 99 40 71
72 102 61 76
72 97 14 42
72 102 43 60
72 98 27 82
72 102 46 65
72 100 65 86
72 102 6 56
72 100 67 90
72 102 22 30
72 100 35 80
72 99 45 66
72 97 0 76
72 98 88 100
72 99 12 59
73 100 64 82
73 97 35 62
73 102 0 111
73 100 25 85
73 98 6 94
73 100 43 96
73 102 60 69
73 96 53 64
73 101 9 32
73 100 9 10
73 101 2 59
73 100 7 33
73 101 59 73
73 101 8 34
73 102 5 41
73 104 18 101
73 97 14 22
73 97 5 15
73 101 39 99
73 100 62 67
73 100 49 59
73 100 68 97
73 96 67 106
73 99 67 99
73 98 26 66
73 99 14 97
73 101 72 100
74 100 12 54
74 99 1 64
74 98 19 95
74 102 41 75
74 100 32 89
74 99 14 96
74 99 16 57
74 100 28 57
74 101 29 56
74 99 52 62
74 97 36 55
74 104 25 74
74 101 31 46
74 104 62 79
74 104 49 80
74 102 57 81
74 102 38 69
74 98 9 97
74 99 7 54
74 100 51 84
74 100 53 71
74 98 15 38
74 99 57 59
74 102 32 86
74 97 35 65
74 103 55 97
74 98 17 44
74 103 14 57
74 99 36 84
74 102 16 58
74 98 73 85
74 100 2 74
75 100 34 46
75 99 19 79
75 100 29 67
75 102 12 42
75 99 49 64
75 99 24 36
75 104 26 47
75 97 70 77
75 97 17 71
75 98 20 51
75 99 5 79
75 99 24 41
75 101 16 24
75 99 34 75
75 98 58 78
75 98 25 53
75 98 9 51
75 102 17 76
75 97 1 40
75 99 52 58
75 97 35 61
75 101 7 45
75 99 8 22
75 103 7 15
75 101 36 72
75 100 1 40
75 99 27 72
75 102 9 67
75 98 41 71
75 101 33 77
75 100 18 52
75 101 60 67
76 95 28 82
76 101 25 94
76 100 24 44
76 99 37 83
76 100 29 34
76 100 68 87
76 98 92 99
76 100 13 66
76 101 44 92
76 99 37 60
76 102 29 53
76 101 20 54
76 101 10 47
76 101 71 94
76 96 53 80
76 100 34 105
76 100 58 83
76 97 86 99
76 100 22 67
76 101 64 82
76 98 47 53
76 102 48 64
76 101 7 77
76 96 93 106
76 100 4 10
76 102 42 44
77 98 62 81
77 102 1 79
77 100 23 70
77 103 20 29
77 100 8 57
77 98 1 73
77 99 5 87
77 100 0 89
77 101 26 74
77 98 30 47
77 100 52 57
77 102 39 87
77 102 33 62
77 98 16 32
77 102 22 74
77 102 3 39
77 101 0 88
77 105 42 77
77 99 5 88
77 100 22 43
77 101 26 74
77 98 16 53
77 98 34 51
77 102 29 72
77 101 35 76
77 100 34 57
77 99 51 57
78 97 37 40
78 102 42 59
78 97 11 61
78 98 49 66
78 99 67 75
78 101 26 52
78 98 54 59
78 99 13 23
78 101 21 86
78 99 8 69
78 101 20 51
78 103 36 75
78 99 51 83
78 103 9 75
78 100 53 70
78 97 36 70
78 98 9 67
78 99 33 72
78 101 7 28
78 105 56 62
78 102 15 39
78 103 21 46
78 101 65 68
78 99 49 65
78 99 3 84
78 100 0 14
78 98 18 77
78 99 1 11
78 98 7 19
79 100 4 63
79 99 9 86
79 99 7 34
79 101 74 81
79 101 6 37
79 101 53 68
79 98 77 88
79 103 11 95
79 99 4 36
79 100 27 69
79 105 26 78
79 103 0 48
79 102 50 92
79 100 1 88
79 100 48 77
79 101 30 41
79 101 9 91
79 102 38 58
79 97 33 53
79 101 25 75
79 99 41 86
79 99 22 34
79 100 38 46
79 98 35 93
79 97 63 76
79 101 9 50
79 98 14 87
79 99 23 94
79 98 49 69
79 97 44 67
79 103 32 69
79 96 6 50
79 109 30 87
80 98 5 8
80 100 51 81
80 100 56 61
80 101 25 33
80 104 27 85
80 100 17 87
80 99 76 78
80 103 42 68
80 102 16 54
80 100 15 22
80 101 14 73
80 101 26 86
80 102 5 58
80 104 22 42
80 100 49 91
80 102 64 90
80 100 4 79
80 103 19 33
80 101 38 53
80 101 14 74
80 98 67 69
80 99 36 89
80 100 33 62
80 100 47 85
80 99 22 89
80 104 68 70
80 100 26 46
80 100 19 28
80 102 17 82
80 100 17 56
80 99 42 69
80 103 40 82
80 102 23 84
81 98 15 60
81 100 11 43
81 100 77 83
81 101 61 89
81 100 48 96
81 97 13 16
81 99 72 76
81 101 24 36
81 101 7 28
81 102 53 84
81 100 26 53
81 102 65 108
81 99 40 46
81 101 50 74
81 102 46 98
81 101 1 68
81 99 38 70
81 102 68 105
81 100 17 78
81 100 10 45
81 102 35 77
81 100 85 89
81 101 4 56
81 100 81 111
81 101 27 76
81 100 20 87
81 97 54 79
81 102 38 74
82 96 28 46
82 100 31 47
82 100 20 26
82 99 26 88
82 102 27 96
82 102 41 77
82 101 30 83
82 97 40 62
82 98 24 58
82 101 45 84
82 104 19 63
82 99 24 59
82 99 52 91
82 97 4 54
82 102 39 71
82 104 63 93
82 102 7 80
82 98 37 75
82 100 23 76
82 100 39 76
82 101 19 44
82 101 64 91
82 103 4 37
82 97 12 51
82 98 23 74
82 102 22 53
83 97 6 32
83 99 21 61
83 103 43 96
83 102 24 103
83 103 16 46
83 98 14 32
83 98 43 56
83 101 48 71
83 100 16 61
83 99 29 93
83 101 34 80
83 101 63 91
83 95 6 83
83 100 27 29
83 100 84 93
83 103 57 84
83 101 27 96
83 100 43 83
83 100 32 69
83 102 8 65
83 96 21 45
83 102 28 70
83 101 30 69
83 101 34 65
83 102 58 72
83 96 18 62
83 101 70 87
83 101 29 100
83 96 27 51
84 99 77 97
84 99 39 78
84 99 61 80
84 99 0 93
84 100 84 96
84 102 6 40
84 103 82 92
84 100 72 100
84 102 13 48
84 100 67 100
84 93 24 63
84 100 45 98
84 101 24 62
84 101 8 66
84 102 50 85
84 99 42 66
84 104 6 73
84 99 29 78
84 102 5 37
84 100 33 37
84 103 19 59
84 102 28 89
84 105 70 80
84 102 0 35
84 97 33 97
84 99 91 100
84 97 89 100
85 99 47 94
85 103 45 96
85 101 57 112
85 101 14 62
85 101 23 60
85 96 100 119
85 101 17 47
85 99 26 36
85 99 53 104
85 102 77 117
85 98 14 53
85 100 14 38
85 98 27 38
85 100 47 66
85 99 2 44
85 101 27 84
85 100 40 93
85 101 56 73
85 103 71 96
85 100 65 110
85 99 19 36
85 104 46 90
85 100 86 88
85 99 47 56
85 102 52 114
85 101 0 4
85 103 51 92
85 101 73 114
85 99 79 118
86 99 31 56
86 98 3 11
86 101 45 54
86 100 21 61
86 100 41 89
86 96 35 84
86 101 17 82
86 98 43 70
86 102 29 52
86 101 38 49
86 98 84 89
86 99 7 43
86 103 58 91
86 100 7 73
86 99 15 37
86 102 18 58
86 104 33 59
86 96 6 91
86 102 1 29
86 102 44 67
86 102 17 42
86 98 41 86
86 99 24 51
86 100 4 59
86 99 18 61
86 104 0 65
86 99 49 76
87 101 13 46
87 100 24 87
87 101 6 64
87 98 56 90
87 99 6 64
87 97 24 59
87 101 39 53
87 100 2 14
87 99 57 88
87 100 34 68
87 100 5 27
87 100 41 72
87 100 46 81
87 102 10 76
87 102 15 60
87 100 18 58
87 96 69 87
87 98 18 64
87 104 48 54
87 102 24 70
87 102 12 75
87 99 31 32
87 98 18 54
87 98 59 65
87 98 40 50
87 104 1 61
87 102 31 94
87 97 58 64
88 98 21 64
88 102 55 70
88 96 6 75
88 100 41 64
88 97 59 67
88 97 57 93
88 96 44 97
88 100 4 50
88 99 4 69
88 99 52 100
88 100 49 74
88 98 20 76
88 99 20 75
88 104 58 96
88 100 47 96
88 94 40 49
88 99 0 75
88 100 15 74
88 95 35 36
88 101 73 98
88 99 20 61
88 103 5 50
88 99 1 49
88 103 39 53
88 102 56 71
88 101 29 86
88 101 1 83
88 98 20 88
88 99 47 82
88 104 56 71
88 99 5 91
88 102 26 29
88 97 3 44
88 100 47 96
89 102 7 39
89 101 34 53
89 99 91 109
89 101 10 73
89 102 55 78
89 101 45 80
89 101 3 40
89 98 60 88
89 100 10 108
89 97 25 62
89 98 84 92
89 97 6 52
89 98 13 82
89 100 53 79
89 100 22 39
89 102 78 91
89 102 8 25
89 105 13 69
89 100 57 79
89 100 71 111
89 100 18 103
89 101 13 64
89 99 20 30
89 100 31 66
89 101 28 88
90 103 15 66
90 101 20 70
90 99 7 66
90 101 57 94
90 98 28 45
90 100 65 94
90 99 4 18
90 97 35 74
90 97 16 26
90 102 6 76
90 101 66 88
90 101 33 66
90 95 33 87
90 101 1 61
90 97 43 67
90 102 6 57
90 98 21 80
90 103 55 80
90 99 65 66
90 102 5 45
90 100 54 58
90 98 8 65
90 99 7 86
90 101 83 94
90 100 43 80
90 100 48 90
90 99 32 74
90 100 41 83
91 97 18 73
91 97 32 88
91 102 26 37
91 101 14 77
91 102 4 42
91 101 23 58
91 102 7 84
91 100 13 70
91 102 5 58
91 99 40 89
91 99 38 71
91 103 29 76
91 102 74 87
91 99 69 88
91 98 7 58
91 101 42 73
91 102 31 72
91 99 10 33
91 96 20 49
91 99 35 92
91 105 78 94
91 102 36 58
91 104 79 84
91 101 83 84
91 103 3 87
91 100 12 84
91 98 0 85
91 102 16 88
92 102 43 81
92 101 64 99
92 101 2 31
92 101 26 37
92 99 37 100
92 99 80 102
92 102 11 94
92 101 31 98
92 104 34 71
92 98 43 71
92 99 36 78
92 100 32 73
92 101 13 45
92 103 12 58
92 101 28 68
92 98 34 38
92 100 26 34
92 95 56 107
92 100 40 80
92 101 50 66
92 101 55 103
92 100 23 94
92 103 49 83
92 102 63 73
92 98 36 50
92 100 21 92
92 99 2 21
92 103 29 89
92 99 59 76
93 103 24 40
93 103 16 77
93 99 34 65
93 101 90 97
93 101 38 59
93 103 36 67
93 100 13 50
93 101 28 70
93 100 7 85
93 101 2 27
93 101 21 84
93 103 24 70
93 100 16 53
93 101 23 52
93 101 13 18
93 97 48 49
93 100 39 90
93 100 17 62
93 100 3 25
93 98 19 75
93 99 6 91
93 101 19 98
93 99 10 25
93 100 22 31
93 99 14 52
93 97 11 47
93 101 55 80
93 101 33 86
93 99 1 23
93 99 1 65
93 99 4 35
94 102 52 69
94 99 1 38
94 99 28 46
94 103 74 87
94 101 66 97
94 102 29 76
94 104 35 73
94 103 68 84
94 97 12 50
94 99 2 24
94 99 21 54
94 102 50 87
94 96 23 80
94 102 54 72
94 100 23 86
94 100 69 104
94 96 21 66
94 102 24 44
94 101 7 94
94 103 8 67
94 97 16 92
94 100 6 31
94 101 18 62
94 99 86 99
94 100 19 46
94 98 40 88
94 100 16 23
94 103 54 85
94 103 102 107
95 102 66 76
95 98 8 58
95 101 92 97
95 98 87 100
95 100 22 23
95 98 67 73
95 100 76 102
95 99 41 65
95 99 48 93
95 103 8 47
95 98 67 96
95 101 20 39
95 101 52 91
95 99 9 95
95 99 22 52
95 98 3 56
95 100 8 83
95 99 22 85
95 95 28 54
95 99 0 64
95 99 4 62
95 100 12 22
95 99 40 88
95 100 17 28
95 102 7 78
95 102 8 92
95 103 20 29
95 101 6 85
95 101 75 92
96 99 55 57
96 98 2 30
96 102 16 47
96 100 33 47
96 101 14 30
96 103 54 101
96 103 3 93
96 100 38 81
96 101 37 86
96 98 19 71
96 99 17 57
96 98 36 93
96 96 52 71
96 99 11 52
96 99 36 84
96 100 57 85
96 103 40 72
96 100 74 91
96 100 15 22
96 100 23 72
96 101 26 68
96 102 42 57
96 103 8 32
96 98 70 95
96 101 1 30
96 95 16 18
96 99 3 91
96 102 21 84
96 102 57 96
97 103 6 16
97 102 37 64
97 99 69 85
97 103 56 62
97 96 40 67
97 100 34 47
97 100 3 60
97 101 4 82
97 94 15 46
97 101 2 83
97 97 11 12
97 99 24 74
97 99 48 76
97 98 24 85
97 99 45 83
97 100 68 72
97 100 5 71
97 101 27 50
97 101 62 74
97 103 27 78
97 100 15 64
97 97 34 88
97 100 8 48
97 98 22 33
97 99 27 56
97 98 7 60
97 98 14 66
97 103 40 82
97 99 47 75
97 101 34 54
98 100 40 98
98 97 9 56
98 101 5 66
98 102 31 35
98 102 10 25
98 103 3 28
98 102 12 75
98 101 29 97
98 102 3 49
98 102 50 64
98 102 79 94
98 102 11 83
98 102 51 60
98 103 27 61
98 101 76 82
98 102 18 78
98 101 8 98
98 98 27 80
98 96 51 81
98 99 34 98
98 103 33 86
98 102 2 56
98 101 1 74
98 96 35 62
98 97 13 50
98 99 23 87
98 101 11 50
98 101 31 55
98 102 8 45
99 99 2 66
99 100 71 81
99 101 44 50
99 100 30 74
99 100 0 48
99 98 50 64
99 99 54 77
99 100 10 70
99 101 66 74
99 100 64 83
99 103 58 81
99 100 0 82
99 100 0 78
99 104 13 82
99 98 19 75
99 102 33 51
99 102 25 75
99 100 37 64
99 99 3 27
99 101 14 19
99 98 6 83
99 106 3 67
99 98 13 36
99 97 16 68
99 102 5 58
99 101 0 81
99 100 13 42
99 100 11 22
100 101 41 89
100 100 18 40
100 100 11 47
100 101 5 29
100 101 56 87
100 99 40 77
100 101 5 24
100 101 52 59
100 100 0 88
100 104 24 45
100 99 17 87
100 99 32 78
100 99 3 12
100 102 41 72
100 100 30 85
100 102 38 85
100 103 27 89
100 102 39 70
100 97 10 62
100 101 51 85
100 101 30 32
100 100 3 86
100 102 53 84
100 102 42 83
100 99 61 70
100 101 8 83
100 102 11 90
100 100 44 68
100 101 37 65
100 99 26 56
101 100 70 96
101 99 2 6
101 103 5 26
101 99 12 68
101 103 29 94
101 104 24 46
101 100 23 47
101 103 26 42
101 103 26 112
101 96 75 94
101 103 55 75
101 102 29 94
101 98 67 85
101 101 17 108
101 102 3 26
101 97 28 53
101 98 72 86
101 100 19 94
101 102 44 77
101 102 40 52
101 104 9 43
101 101 9 96
101 96 36 68
101 101 73 85
101 99 56 73
101 97 40 95
101 100 13 105
101 102 19 110
102 103 8 80
102 100 44 67
102 102 22 27
102 98 18 22
102 100 5 27
102 98 64 76
102 104 23 63
102 100 15 49
102 98 32 73
102 100 33 49
102 100 16 43
102 98 7 82
102 98 21 81
102 102 25 52
102 103 18 63
102 99 70 80
102 98 2 70
102 99 47 70
102 99 5 45
102 99 11 79
102 97 12 29
102 98 18 73
102 105 57 70
102 103 21 59
102 100 14 42
102 102 4 78
102 99 0 79
102 98 24 74
102 99 48 82
102 102 23 62
102 99 25 65
103 101 41 117
103 102 101 108
103 98 7 30
103 100 73 86
103 100 34 70
103 98 23 52
103 102 39 100
103 101 43 87
103 99 75 94
103 99 24 105
103 98 10 103
103 99 88 103
103 99 81 114
103 100 12 107
103 100 7 72
103 99 7 79
103 99 23 25
103 100 70 82
103 99 76 101
103 98 73 117
103 103 49 91
103 101 22 52
103 102 77 81
103 100 70 105
103 102 22 86
104 97 6 38
104 102 76 101
104 102 3 89
104 98 57 90
104 100 0 84
104 98 11 34
104 98 20 80
104 102 25 58
104 101 69 73
104 101 47 63
104 95 61 96
104 102 10 74
104 98 3 69
104 99 29 74
104 100 6 51
104 104 28 75
104 96 47 73
104 99 27 86
104 99 0 6
104 102 12 59
104 101 47 99
104 102 22 32
104 99 54 98
104 100 0 52
104 100 42 62
104 102 5 19
104 99 81 85
104 99 0 87
105 99 37 57
105 103 21 68
105 98 31 67
105 97 16 55
105 97 1 52
105 100 1 6
105 104 16 75
105 100 17 58
105 98 64 82
105 103 65 72
105 102 5 46
105 99 33 53
105 97 35 75
105 100 2 80
105 100 7 65
105 99 44 77
105 102 27 51
105 99 9 69
105 99 22 66
105 101 46 48
105 95 15 71
105 101 31 74
105 99 31 63
105 99 25 69
105 98 15 30
105 98 36 61
105 99 49 64
105 103 60 80
105 101 13 23
105 99 5 72
105 100 12 66
105 98 58 75
105 103 57 67
106 99 39 79
106 102 53 77
106 102 0 96
106 100 11 38
106 96 23 46
106 98 16 61
106 97 75 90
106 100 60 77
106 99 7 67
106 101 22 60
106 100 21 57
106 101 55 74
106 99 27 90
106 101 60 77
106 99 35 100
106 100 30 60
106 100 2 45
106 101 2 19
106 99 4 92
106 104 20 22
106 102 3 100
106 102 45 102
106 103 62 95
106 98 7 35
106 99 27 92
106 99 42 80
106 105 7 22
106 97 22 97
106 97 27 84
106 101 37 83
106 102 11 78
106 98 2 50
107 99 14 63
107 104 29 76
107 101 54 67
107 98 10 61
107 101 25 39
107 100 34 71
107 102 19 24
107 101 1 33
107 101 2 14
107 101 3 39
107 98 4 84
107 101 30 83
107 98 33 59
107 103 8 76
107 102 69 82
107 96 17 81
107 99 49 65
107 101 35 61
107 102 5 20
107 100 5 29
107 99 9 23
107 99 64 85
107 100 28 31
107 100 20 57
107 100 10 24
107 99 10 73
108 101 19 71
108 103 12 33
108 99 40 80
108 101 38 69
108 99 12 91
108 100 42 58
108 100 32 82
108 99 8 31
108 101 3 90
108 100 36 67
108 103 5 16
108 101 12 18
108 102 18 84
108 99 32 52
108 101 65 88
108 101 41 56
108 101 41 47
108 99 13 56
108 98 10 55
108 101 41 92
108 101 11 52
108 98 42 50
108 100 32 60
108 100 29 43
108 97 27 84
108 101 14 71
108 102 53 91
108 100 11 77
108 99 54 86
108 102 55 82
108 99 57 70
108 102 41 77
108 97 31 53
109 103 49 69
109 101 15 69
109 97 43 44
109 99 43 96
109 102 55 76
109 100 62 70
109 99 6 18
109 99 50 100
109 103 54 103
109 99 88 90
109 96 48 83
109 100 3 26
109 99 63 89
109 98 8 41
109 100 21 67
109 98 44 74
109 101 44 85
109 99 18 50
109 100 56 100
109 99 25 63
109 101 54 67
109 99 34 38
109 103 58 84
109 99 69 83
109 100 27 48
109 102 95 101
109 102 6 30
109 97 39 79
109 99 33 67
110 99 17 72
110 103 14 89
110 99 31 34
110 97 7 28
110 103 8 79
110 102 25 46
110 99 0 18
110 99 24 62
110 99 23 71
110 99 57 64
110 101 16 90
110 97 32 58
110 101 31 36
110 102 58 89
110 104 10 59
110 104 19 75
110 99 1 73
110 98 38 76
110 101 28 82
110 104 6 69
110 101 4 60
110 100 23 44
110 102 36 86
110 101 6 30
110 98 7 84
110 99 33 40
111 95 4 80
111 99 60 83
111 102 17 65
111 101 37 50
111 101 23 81
111 100 10 44
111 101 40 80
111 102 2 52
111 101 19 27
111 101 60 80
111 101 56 93
111 102 28 87
111 98 3 41
111 97 71 92
111 97 75 85
111 99 15 44
111 102 29 65
111 103 59 60
111 98 9 95
111 100 25 85
111 101 67 88
111 101 10 78
111 100 7 54
111 104 65 98
111 103 19 54
111 100 51 88
112 103 11 51
112 104 64 82
112 100 10 68
112 99 25 60
112 103 0 90
112 97 44 84
112 100 31 62
112 103 38 90
112 101 38 60
112 98 4 42
112 102 58 84
112 99 31 44
112 98 43 47
112 100 14 67
112 99 60 76
112 99 7 36
112 99 24 75
112 99 0 41
112 102 49 77
112 105 14 33
112 100 1 62
112 101 8 38
112 96 27 38
112 103 55 63
112 101 65 77
112 98 7 27
112 100 54 77
112 98 20 90
112 100 32 76
113 99 6 84
113 98 3 79
113 100 46 85
113 98 23 86
113 103 62 64
113 100 6 54
113 103 47 74
113 103 9 82
113 99 6 48
113 94 70 75
113 103 5 38
113 98 20 32
113 100 37 61
113 97 11 32
113 100 38 77
113 100 3 65
113 98 19 37
113 105 65 76
113 97 7 84
113 99 27 87
113 99 8 51
113 100 0 49
113 100 44 77
113 98 43 61
113 101 15 78
113 98 5 46
113 102 54 61
113 104 80 83
114 100 31 86
114 102 28 82
114 102 7 86
114 99 4 16
114 101 68 84
114 98 82 83
114 100 21 46
114 102 42 79
114 102 11 48
114 101 16 56
114 101 7 45
114 100 35 54
114 101 57 59
114 101 31 81
114 101 4 31
114 97 18 77
114 99 12 20
114 101 43 57
114 97 7 67
114 101 29 56
114 102 62 65
114 101 9 86
114 101 52 84
114 103 40 84
114 102 39 77
114 102 29 84
114 99 50 79
114 97 10 76
115 99 40 52
115 96 22 65
115 102 11 85
115 99 42 68
115 99 36 58
115 101 8 33
115 103 10 91
115 97 66 85
115 101 20 75
115 101 33 90
115 102 42 63
115 98 23 64
115 102 56 62
115 101 2 68
115 97 7 56
115 98 53 87
115 96 1 23
115 102 8 52
115 100 13 79
115 103 35 55
115 102 59 65
115 100 10 28
115 98 14 41
115 101 52 57
115 99 3 49
115 101 67 92
115 100 21 93
115 100 13 88
115 100 46 69
115 102 33 78
116 98 31 66
116 105 16 75
116 101 36 91
116 97 71 88
116 103 23 91
116 100 24 61
116 97 4 25
116 100 7 35
116 95 18 23
116 99 7 57
116 100 33 43
116 100 18 51
116 105 78 90
116 102 33 84
116 99 6 80
116 99 6 53
116 99 10 61
116 103 6 23
116 99 10 89
116 99 2 69
116 99 7 36
116 98 2 31
116 101 70 88
116 100 12 38
116 102 48 61
116 100 19 39
116 98 26 59
117 100 69 100
117 100 45 89
117 101 22 88
117 99 88 104
117 98 16 89
117 100 70 72
117 96 47 72
117 102 14 97
117 100 54 105
117 102 27 55
117 101 3 32
117 103 34 86
117 101 7 27
117 104 75 104
117 100 34 97
117 98 50 73
117 98 37 103
117 97 93 100
117 102 20 68
117 100 24 80
117 101 38 57
117 100 31 91
117 101 79 100
117 102 31 101
117 101 70 84
117 101 61 99
118 100 65 97
118 101 80 86
118 105 6 32
118 100 99 100
118 97 74 95
118 100 5 89
118 101 72 98
118 101 25 71
118 100 57 73
118 100 30 83
118 104 42 61
118 105 2 87
118 100 48 83
118 100 57 84
118 97 62 87
118 102 67 76
118 102 25 81
118 100 0 98
118 100 6 64
118 100 60 74
118 101 4 46
118 104 15 70
118 101 43 66
118 99 30 31
118 99 79 95
118 101 4 96
118 101 6 53
118 101 12 52
118 101 57 97
119 100 15 55
119 97 47 58
119 99 10 59
119 100 6 72
119 102 4 72
119 102 11 34
119 104 40 78
119 100 18 35
119 101 20 65
119 96 17 30
119 100 39 70
119 102 59 61
119 101 3 77
119 99 32 51
119 101 43 54
119 100 31 64
119 102 17 36
119 99 12 32
119 102 12 55
119 102 0 19
119 100 11 53
119 103 10 77
119 102 7 28
119 101 32 64
119 100 8 59
119 103 42 76
119 101 72 74
119 105 44 62
120 100 68 105
120 101 27 100
120 105 13 93
120 97 1 48
120 99 15 24
120 100 11 36
120 98 2 49
120 102 38 63
120 99 13 72
120 99 35 69
120 101 81 98
120 99 9 67
120 99 37 74
120 101 7 92
120 101 13 19
120 98 51 93
120 101 52 104
120 98 9 24
120 101 89 91
120 100 8 37
120 99 35 96
120 102 36 74
120 100 64 81
120 101 7 81
120 97 47 98
120 99 51 100
120 104 34 107
120 101 18 59
120 100 40 87
120 97 48 54
120 99 53 87
120 103 11 105
120 102 45 68
120 99 34 77
120 101 76 103
121 101 47 102
121 102 34 83
121 98 10 21
121 100 58 90
121 100 4 94
121 100 27 64
121 100 11 82
121 98 1 59
121 99 50 106
121 97 27 74
121 101 5 91
121 100 31 62
121 96 20 28
121 100 4 71
121 95 16 102
121 98 9 85
121 104 80 92
121 100 17 89
121 101 56 84
121 102 46 81
121 97 5 54
121 98 13 83
121 101 68 87
121 100 17 60
121 103 8 23
121 97 5 34
121 100 30 32
121 101 38 82
121 99 27 59
122 104 43 81
122 104 21 55
122 100 51 92
122 101 34 83
122 98 38 79
122 97 1 10
122 101 18 35
122 98 50 85
122 100 9 66
122 100 28 56
122 100 50 66
122 103 19 63
122 103 0 93
122 99 25 60
122 100 55 72
122 99 33 46
122 96 66 86
122 101 7 55
122 102 5 64
122 99 56 69
122 97 20 71
122 105 22 78
122 100 3 35
122 102 12 86
122 102 25 55
122 98 75 81
122 102 13 55
123 102 17 81
123 98 21 44
123 98 30 47
123 104 61 112
123 99 56 58
123 100 38 77
123 98 106 113
123 100 76 100
123 98 53 86
123 103 98 108
123 96 31 52
123 103 47 109
123 99 41 64
123 102 47 89
123 102 71 97
123 104 3 98
123 100 27 56
123 100 55 74
123 99 108 116
123 101 12 50
123 100 34 44
123 100 49 66
123 97 42 85
123 99 37 77
123 100 58 75
123 104 70 86
123 100 44 117
123 100 32 61
123 101 76 109
123 104 57 59
123 101 38 102
123 96 37 119
123 102 27 72
124 97 1 36
124 101 15 50
124 103 36 81
124 96 83 87
124 103 19 40
124 99 49 87
124 99 11 47
124 103 14 50
124 101 3 66
124 96 73 76
124 100 25 81
124 98 30 45
124 102 25 62
124 100 50 71
124 98 3 12
124 100 72 87
124 98 12 37
124 99 1 77
124 98 13 65
124 102 49 81
124 100 26 52
124 100 14 86
124 99 10 59
124 99 46 87
124 103 26 67
124 103 7 70
124 99 36 83
124 102 50 86
124 101 4 89
124 96 10 45
124 98 5 88
125 100 35 92
125 98 10 52
125 100 56 92
125 99 5 53
125 99 57 75
125 101 25 55
125 96 80 91
125 102 8 38
125 101 56 89
125 99 31 68
125 104 83 105
125 103 34 84
125 102 29 85
125 96 66 78
125 102 76 102
125 101 64 92
125 98 46 68
125 103 9 32
125 103 64 81
125 101 37 98
125 98 48 79
125 99 16 64
125 103 19 51
125 102 51 67
125 100 24 51
125 100 38 69
125 99 77 97
126 99 33 49
126 104 44 86
126 98 45 83
126 100 16 45
126 98 23 55
126 100 53 92
126 100 41 51
126 101 4 61
126 104 81 88
126 99 94 100
126 100 38 94
126 100 35 50
126 105 46 102
126 99 80 92
126 102 28 90
126 99 71 96
126 100 53 62
126 97 9 83
126 102 76 88
126 99 50 53
126 97 12 67
126 105 23 68
126 102 5 74
126 103 75 94
126 101 64 76
126 102 28 29
126 103 8 98
126 103 85 91
127 100 21 74
127 98 59 88
127 100 4 66
127 100 13 72
127 102 3 85
127 100 22 68
127 104 30 72
127 102 3 21
127 100 20 83
127 101 39 81
127 102 22 64
127 103 52 87
127 96 4 20
127 101 14 63
127 98 46 69
127 98 6 91
127 97 5 84
127 98 15 89
127 102 13 37
127 97 4 49
127 99 38 86
127 99 36 50
127 104 15 42
127 99 52 85
127 100 22 70
127 102 41 48
127 100 53 92
127 100 13 39
127 100 41 57
128 100 49 69
128 98 29 30
128 98 30 42
128 98 7 86
128 100 36 50
128 100 80 91
128 102 17 54
128 102 53 93
128 100 1 52
128 103 12 52
128 101 73 84
128 103 49 66
128 99 50 80
128 96 34 84
128 101 34 100
128 103 62 85
128 101 39 60
128 102 36 51
128 103 4 32
128 100 7 76
128 98 46 96
128 101 27 60
128 104 13 36
128 103 9 10
128 101 42 75
128 103 54 93
128 104 17 94
128 98 56 87
128 100 7 93
128 98 38 80
128 100 24 83
128 102 78 81
128 102 20 34
128 97 26 88
129 103 4 63
129 97 62 79
129 99 34 58
129 101 29 59
129 102 15 34
129 100 31 38
129 100 18 55
129 102 4 92
129 103 51 59
129 101 39 60
129 101 24 25
129 98 3 68
129 98 54 79
129 101 5 81
129 97 3 90
129 99 21 62
129 100 8 45
129 100 41 63
129 100 1 86
129 100 23 65
129 97 35 63
129 101 48 68
129 101 80 92
129 100 27 89
129 100 6 55
129 103 3 42
129 101 55 80
129 99 6 66
129 100 17 54
129 102 28 89
130 100 51 67
130 101 42 90
130 99 19 65
130 102 40 83
130 103 16 56
130 99 20 31
130 101 15 52
130 100 33 82
130 99 19 98
130 101 21 51
130 99 35 91
130 98 32 79
130 99 46 91
130 102 32 94
130 97 76 79
130 104 13 87
130 99 13 76
130 100 22 95
130 102 25 81
130 98 18 37
130 100 6 51
130 100 60 78
130 102 31 40
130 100 53 95
130 101 22 48
130 103 30 75
130 103 15 87
130 103 1 46
130 97 46 78
130 101 14 81
131 97 9 56
131 100 29 42
131 98 36 71
131 103 12 86
131 97 21 27
131 100 45 100
131 101 25 74
131 98 11 24
131 97 54 56
131 101 12 94
131 102 14 42
131 98 57 96
131 103 14 43
131 102 35 65
131 101 19 104
131 99 27 103
131 102 10 93
131 100 3 48
131 101 33 42
131 100 53 95
131 102 13 66
131 99 69 71
131 102 40 94
131 98 45 86
131 103 81 100
131 104 32 41
131 100 29 53
131 103 11 45
131 98 29 96
131 100 59 62
131 100 27 57
132 100 42 80
132 98 24 76
132 98 17 34
132 100 23 40
132 99 23 71
132 101 51 96
132 103 80 98
132 101 0 34
132 102 70 79
132 99 66 95
132 101 12 73
132 100 21 32
132 102 19 42
132 97 55 82
132 101 49 100
132 104 42 78
132 102 20 76
132 99 15 99
132 102 3 41
132 98 28 81
132 101 53 54
132 102 37 91
132 102 21 75
132 101 4 34
132 103 65 86
132 100 7 62
132 96 20 100
132 99 49 71
132 100 13 89
132 100 28 55
132 96 5 59
132 97 25 32
132 102 88 89
133 100 5 82
133 98 44 93
133 99 81 109
133 100 34 45
133 100 6 65
133 101 19 65
133 100 54 107
133 98 7 75
133 100 29 95
133 102 50 75
133 95 26 108
133 100 77 95
133 100 44 80
133 98 38 82
133 101 53 103
133 102 84 95
133 100 34 76
133 100 23 88
133 98 69 95
133 105 20 97
133 101 4 33
133 98 48 59
133 98 71 85
133 99 45 106
133 102 22 50
133 101 71 94
133 101 74 110
133 101 13 63
133 98 71 102
133 102 41 55
133 100 67 94
134 100 4 24
134 101 8 49
134 98 2 83
134 96 6 22
134 100 49 59
134 100 74 87
134 98 0 101
134 101 41 91
134 102 43 64
134 100 7 59
134 102 66 87
134 99 45 70
134 102 16 91
134 99 32 83
134 102 5 69
134 102 33 80
134 102 3 53
134 98 11 78
134 97 26 31
134 99 13 72
134 100 25 33
134 103 23 96
134 103 78 96
134 103 49 100
134 101 44 70
135 98 9 79
135 101 7 89
135 97 15 42
135 100 35 85
135 101 24 68
135 101 10 95
135 98 14 81
135 97 53 90
135 98 30 86
135 100 63 66
135 100 28 85
135 99 25 88
135 103 12 88
135 102 6 47
135 101 46 95
135 101 14 15
135 101 31 75
135 98 24 95
135 101 0 87
135 102 20 94
135 100 16 26
135 101 38 93
135 103 25 41
135 101 56 87
135 98 33 59
136 102 7 62
136 100 10 78
136 98 30 76
136 100 4 60
136 101 19 31
136 99 31 56
136 99 0 10
136 96 0 41
136 104 59 81
136 100 4 62
136 102 53 81
136 99 2 58
136 100 27 69
136 97 21 67
136 101 42 66
136 97 2 42
136 100 33 60
136 104 66 68
136 100 12 24
136 98 10 26
136 97 2 80
136 100 34 71
136 98 22 55
136 98 20 59
136 99 36 78
136 99 27 60
136 100 16 78
136 102 10 46
136 104 51 78
136 99 32 65
136 99 1 75
136 98 12 45
137 98 28 50
137 98 1 15
137 99 76 96
137 101 21 45
137 99 0 35
137 102 0 37
137 100 67 96
137 103 65 104
137 102 19 79
137 101 38 96
137 96 0 27
137 102 51 63
137 98 19 26
137 101 102 105
137 101 10 52
137 101 1 27
137 100 35 84
137 100 83 102
137 98 6 55
137 102 2 35
137 101 53 91
137 98 0 31
137 99 56 77
137 103 35 79
137 99 74 100
137 102 9 62
137 102 8 105
137 101 50 92
137 98 82 87
137 101 22 72
137 102 66 105
137 100 36 108
138 98 41 84
138 101 8 62
138 100 44 106
138 99 13 44
138 101 31 50
138 102 20 87
138 100 67 82
138 99 30 88
138 99 41 54
138 101 41 52
138 102 65 71
138 99 86 96
138 100 65 102
138 100 9 34
138 98 24 60
138 104 22 82
138 100 17 45
138 104 71 76
138 100 28 55
138 101 44 72
138 101 50 91
138 96 7 33
138 99 74 79
138 99 47 86
138 99 29 105
138 103 1 50
138 100 80 103
138 100 30 53
138 100 37 76
138 101 3 32
139 98 30 79
139 100 4 58
139 98 32 105
139 100 10 29
139 99 71 78
139 101 26 74
139 98 36 90
139 102 48 104
139 101 5 95
139 100 51 78
139 100 61 99
139 97 30 77
139 98 12 49
139 104 47 99
139 97 35 79
139 101 7 71
139 101 25 29
139 97 67 92
139 103 40 92
139 100 58 69
139 102 40 70
139 97 17 56
139 101 31 86
139 102 23 96
139 103 30 74
139 98 5 62
139 102 26 90
140 99 13 56
140 101 22 72
140 100 16 60
140 97 18 36
140 96 12 75
140 99 2 81
140 100 6 63
140 99 4 73
140 102 63 67
140 105 8 46
140 95 6 59
140 98 14 80
140 101 6 44
140 103 50 61
140 101 57 81
140 99 8 88
140 99 3 71
140 101 18 58
140 101 7 78
140 100 15 71
140 102 1 31
140 96 19 55
140 98 28 38
140 100 67 76
140 104 25 65
140 101 43 57
141 100 47 85
141 100 13 65
141 101 50 60
141 100 30 76
141 105 0 84
141 98 17 43
141 104 25 62
141 101 2 46
141 100 32 59
141 101 33 61
141 101 14 52
141 98 63 75
141 103 2 8
141 104 15 83
141 100 12 84
141 101 1 73
141 99 32 56
141 98 8 86
141 98 9 44
141 101 1 47
141 101 4 9
141 104 43 69
141 102 15 62
141 102 45 72
141 102 42 47
141 99 32 50
141 98 71 83
141 98 13 38
141 99 15 47
142 98 15 43
142 100 22 52
142 101 18 37
142 98 50 77
142 100 47 58
142 102 11 26
142 98 57 63
142 101 11 15
142 103 48 60
142 103 22 68
142 96 48 72
142 101 15 83
142 103 38 42
142 102 27 47
142 99 34 60
142 102 9 35
142 100 33 71
142 97 43 86
142 100 63 81
142 102 20 57
142 100 18 71
142 100 32 52
142 98 22 64
142 103 39 59
142 102 24 71
142 102 13 34
142 102 14 63
142 102 18 86
142 102 28 50
143 100 19 37
143 100 76 90
143 98 34 84
143 100 59 82
143 98 19 73
143 96 12 65
143 98 17 34
143 99 35 88
143 102 27 47
143 101 60 88
143 98 66 88
143 97 30 91
143 100 36 49
143 100 7 20
143 97 3 27
143 100 53 90
143 103 2 89
143 99 11 68
143 100 8 82
143 100 7 92
143 99 69 70
143 101 77 92
143 100 14 54
143 103 3 78
143 101 7 36
143 104 32 83
143 99 9 92
143 100 3 64
143 101 56 72
143 97 5 28
143 96 4 87
143 97 24 72
143 102 3 26
144 99 5 43
144 101 2 34
144 98 12 81
144 102 42 84
144 97 6 12
144 102 18 31
144 100 4 14
144 102 11 63
144 103 44 59
144 102 10 101
144 103 45 84
144 101 33 102
144 97 67 78
144 100 51 73
144 99 10 26
144 102 57 80
144 98 26 53
144 95 20 81
144 101 11 32
144 100 24 60
144 99 14 65
144 100 7 53
144 101 7 60
144 104 42 71
144 99 21 65
144 99 10 33
144 102 15 35
144 102 65 86
144 96 75 88
144 99 22 94
145 100 14 53
145 99 4 59
145 98 21 54
145 96 22 44
145 98 31 78
145 103 3 33
145 101 25 67
145 105 0 71
145 101 26 76
145 99 24 82
145 100 54 76
145 98 33 68
145 102 28 48
145 102 4 16
145 101 3 19
145 102 24 47
145 103 23 39
145 99 2 81
145 96 2 76
145 98 12 48
145 101 12 36
145 101 0 2
145 100 2 49
145 99 51 81
145 103 3 30
145 98 41 70
146 100 51 61
146 102 23 54
146 97 15 70
146 103 32 83
146 99 83 94
146 97 66 97
146 100 12 73
146 100 27 99
146 101 24 68
146 99 15 59
146 99 5 57
146 101 0 56
146 103 54 71
146 101 44 54
146 98 10 90
146 101 76 78
146 101 69 97
146 98 82 99
146 102 42 86
146 100 21 47
146 99 60 88
146 97 20 57
146 98 19 35
146 102 38 98
146 98 32 95
146 97 37 68
146 99 43 93
146 100 38 64
146 101 33 41
147 101 21 31
147 100 30 63
147 103 35 107
147 101 36 101
147 103 52 98
147 102 3 98
147 97 60 75
147 99 50 90
147 98 77 96
147 99 25 104
147 99 64 75
147 100 57 100
147 96 72 84
147 99 39 92
147 103 29 46
147 99 27 36
147 103 55 89
147 100 31 92
147 100 21 57
147 99 2 19
147 96 8 18
147 97 46 94
147 104 21 92
147 102 72 108
147 99 46 49
147 100 70 74
147 99 18 30
147 98 84 103
148 103 16 75
148 100 11 38
148 102 64 73
148 98 38 87
148 102 47 63
148 100 11 54
148 99 8 94
148 102 47 72
148 99 5 68
148 103 67 90
148 97 9 40
148 97 13 39
148 93 16 80
148 98 11 70
148 101 44 96
148 101 8 28
148 98 30 78
148 99 17 86
148 100 30 56
148 100 27 54
148 99 2 79
148 104 74 93
148 98 60 69
148 100 7 56
148 97 6 95
148 100 31 55
148 97 15 95
148 101 41 45
148 98 59 73
149 98 68 75
149 99 10 52
149 103 18 55
149 99 30 44
149 97 9 20
149 100 9 101
149 100 35 77
149 95 9 73
149 97 33 98
149 99 55 92
149 98 24 29
149 99 9 49
149 96 41 108
149 98 2 36
149 102 32 90
149 102 60 92
149 97 64 108
149 102 75 106
149 98 41 73
149 98 5 40
149 100 0 62
149 104 66 88
149 101 39 78
149 104 62 106
149 98 39 90
149 96 28 51
149 98 23 76
149 98 44 84
150 100 72 90
150 99 6 51
150 103 30 81
150 100 34 92
150 101 38 54
150 98 69 84
150 99 28 81
150 96 6 63
150 102 10 46
150 98 8 15
150 101 41 62
150 100 27 98
150 96 34 78
150 102 65 99
150 98 33 93
150 99 5 55
150 99 33 66
150 101 23 97
150 97 20 53
150 101 21 59
150 100 49 78
150 95 11 36
150 98 78 93
150 100 31 48
150 97 26 97
150 100 5 60
150 98 66 85
150 98 8 24
150 102 45 73
150 102 21 25
150 101 83 88
150 100 65 84
150 101 3 55
150 102 30 57
151 96 55 103
151 99 50 93
151 102 70 89
151 99 6 103
151 100 34 78
151 101 22 79
151 101 7 22
151 97 19 53
151 101 38 65
151 99 47 85
151 100 22 53
151 101 21 71
151 98 62 97
151 101 11 45
151 103 76 90
151 100 60 95
151 102 19 53
151 99 48 96
151 99 30 96
151 100 43 64
151 101 57 72
151 100 28 71
151 100 85 93
151 98 16 48
151 97 13 81
151 102 4 22
151 98 56 89
151 100 6 54
151 99 18 56
151 102 32 51
151 101 52 62
151 100 17 81
152 100 31 92
152 97 64 86
152 102 8 58
152 102 9 72
152 99 17 53
152 99 4 33
152 100 10 82
152 101 6 61
152 102 15 66
152 100 29 97
152 98 61 80
152 101 26 28
152 99 14 49
152 96 4 43
152 98 9 64
152 99 52 94
152 98 69 97
152 101 34 99
152 102 41 78
152 98 53 62
152 99 6 51
152 98 26 34
152 100 81 90
152 97 41 70
152 101 40 53
152 99 73 91
152 101 18 83
152 101 14 75
152 102 7 73
153 102 7 83
153 100 69 77
153 98 21 71
153 102 3 40
153 98 24 32
153 101 50 64
153 102 25 71
153 100 12 82
153 99 60 75
153 101 1 43
153 101 3 63
153 101 6 19
153 102 21 22
153 103 33 81
153 101 47 63
153 99 2 82
153 103 21 44
153 99 0 81
153 98 32 43
153 97 5 62
153 99 62 69
153 96 12 25
153 101 41 67
153 100 3 76
153 101 17 69
153 103 18 68
153 97 9 33
154 101 23 77
154 99 13 94
154 97 23 96
154 101 8 97
154 98 21 63
154 99 22 85
154 103 4 31
154 101 4 97
154 99 2 65
154 95 11 47
154 102 70 90
154 100 0 86
154 102 4 38
154 98 4 28
154 99 9 95
154 104 28 48
154 102 83 85
154 102 14 60
154 103 40 57
154 101 12 75
154 96 8 93
154 99 5 33
154 99 25 86
154 101 32 85
154 105 18 85
154 99 47 90
154 97 10 59
154 97 15 41
154 102 34 77
154 103 13 36
154 98 17 37
154 105 26 47
154 100 27 36
154 99 25 71
154 99 42 89
154 100 42 78
154 100 31 88
155 101 2 49
155 101 2 5
155 99 60 100
155 99 69 98
155 101 18 35
155 100 20 71
155 101 14 58
155 99 86 103
155 99 11 64
155 99 18 94
155 100 24 82
155 98 18 58
155 101 14 22
155 99 34 84
155 98 63 98
155 100 20 64
155 100 43 84
155 100 17 57
155 106 63 94
155 105 48 78
155 95 33 51
155 103 48 59
155 101 50 61
155 101 27 59
155 97 15 60
155 99 27 43
155 95 31 101
155 98 3 41
155 100 5 73
156 102 19 34
156 98 8 26
156 101 15 52
156 102 25 82
156 100 10 56
156 100 41 60
156 103 6 49
156 99 90 102
156 103 6 30
156 98 52 89
156 103 6 27
156 102 27 91
156 98 65 87
156 101 20 99
156 101 16 98
156 100 9 12
156 99 46 90
156 100 16 49
156 101 82 104
156 99 3 91
156 100 37 94
156 101 23 43
156 102 12 22
156 101 24 39
156 103 5 99
156 100 36 45
156 105 19 32
156 102 21 43
157 106 67 90
157 102 15 91
157 99 62 64
157 100 64 92
157 101 71 85
157 99 25 26
157 103 25 54
157 99 48 96
157 100 4 37
157 103 28 44
157 100 64 94
157 99 48 56
157 102 29 61
157 99 17 65
157 102 85 87
157 102 56 60
157 99 27 81
157 104 42 60
157 98 3 81
157 102 62 63
157 101 56 84
157 100 4 94
157 96 42 68
157 101 3 56
157 98 7 22
157 99 36 96
157 105 17 25
157 100 45 96
157 99 40 77
158 98 2 93
158 101 70 75
158 102 63 79
158 98 38 79
158 100 11 39
158 102 27 41
158 104 22 72
158 100 20 41
158 100 51 84
158 97 9 89
158 102 48 75
158 100 22 71
158 102 36 56
158 100 14 20
158 100 45 83
158 99 24 82
158 99 1 62
158 99 0 38
158 101 30 58
158 97 30 40
158 100 1 78
158 103 50 60
158 99 51 95
158 99 47 83
158 101 28 54
158 97 3 94
158 102 45 83
158 100 7 32
159 100 52 104
159 98 21 30
159 101 38 85
159 100 54 72
159 100 28 62
159 102 70 79
159 100 39 99
159 101 17 55
159 99 0 76
159 101 19 87
159 100 34 85
159 95 58 85
159 102 49 84
159 99 48 75
159 99 45 47
159 99 48 83
159 97 5 37
159 97 0 39
159 101 77 106
159 102 32 46
159 100 79 89
159 101 26 70
159 102 12 42
159 103 51 67
159 99 31 68
159 100 24 75
159 97 97 99
159 102 33 74
159 98 43 92
159 100 92 105
159 96 19 77
159 104 71 74
159 103 18 105
160 100 20 63
160 99 60 76
160 102 11 47
160 97 1 79
160 100 58 86
160 99 28 55
160 101 23 79
160 98 0 90
160 104 31 64
160 95 8 30
160 100 56 83
160 103 3 51
160 100 27 74
160 103 18 39
160 101 18 67
160 101 10 78
160 98 5 78
160 100 57 76
160 100 14 24
160 105 31 58
160 99 52 78
160 97 3 53
160 100 31 58
161 98 32 63
161 103 44 84
161 101 6 66
161 98 1 14
161 100 25 55
161 102 17 78
161 103 26 69
161 102 23 55
161 101 19 80
161 103 6 35
161 102 37 92
161 100 13 38
161 100 37 76
161 99 7 78
161 101 27 62
161 102 66 86
161 97 8 31
161 96 3 40
161 102 3 16
161 99 24 77
161 99 9 91
161 100 24 73
161 100 59 73
161 98 1 61
161 103 3 49
161 97 39 76
161 98 75 86
161 102 12 33
161 101 7 61
162 101 6 77
162 97 47 58
162 100 5 52
162 100 25 72
162 98 21 77
162 102 24 71
162 100 64 77
162 101 37 71
162 102 0 29
162 98 27 47
162 99 6 39
162 103 27 76
162 99 14 60
162 99 21 37
162 103 18 72
162 104 23 65
162 102 12 55
162 102 27 70
162 100 1 34
162 102 26 74
162 105 22 56
162 98 22 53
162 100 16 25
162 96 3 33
162 98 23 59
162 105 6 71
163 99 76 88
163 100 24 63
163 94 7 51
163 100 1 51
163 95 9 96
163 99 36 77
163 100 71 88
163 97 6 50
163 99 43 77
163 95 65 104
163 104 38 78
163 99 60 74
163 98 34 102
163 100 31 93
163 99 42 58
163 99 85 96
163 100 46 90
163 103 15 81
163 97 71 100
163 99 31 48
163 103 32 54
163 98 0 60
163 100 72 106
163 101 11 60
163 102 27 64
163 98 103 104
163 99 24 45
163 101 5 13
163 101 2 20
163 102 18 34
163 104 55 61
164 100 47 84
164 103 52 92
164 101 4 18
164 101 18 68
164 97 41 44
164 101 32 80
164 96 40 62
164 102 41 80
164 102 3 37
164 102 21 26
164 100 64 83
164 97 16 58
164 98 16 93
164 101 46 59
164 100 14 81
164 101 82 97
164 101 53 70
164 100 5 85
164 102 45 47
164 100 11 78
164 99 67 74
164 98 81 84
164 99 21 80
164 101 52 66
164 103 64 88
164 96 5 89
164 100 5 48
164 102 58 89
164 98 71 78
164 100 3 91
164 99 17 69
164 101 5 58
164 99 30 96
165 103 11 27
165 100 51 72
165 100 8 69
165 98 2 51
165 100 75 84
165 100 33 60
165 98 70 82
165 99 51 84
165 101 33 52
165 105 7 92
165 98 23 76
165 101 8 53
165 102 19 73
165 100 62 86
165 99 11 55
165 97 77 95
165 99 2 49
165 98 13 47
165 99 42 90
165 100 51 92
165 102 38 60
165 98 45 54
165 98 7 84
165 99 72 93
165 100 19 89
165 99 88 93
166 98 53 63
166 102 53 80
166 99 21 27
166 100 69 74
166 102 26 76
166 101 46 77
166 98 9 60
166 101 11 29
166 99 13 53
166 99 28 68
166 101 52 59
166 100 10 39
166 104 34 61
166 102 6 34
166 98 22 56
166 100 1 70
166 101 31 79
166 99 0 29
166 98 40 59
166 100 70 72
166 100 52 78
166 102 2 40
166 98 36 50
166 96 7 68
166 99 9 75
166 100 37 44
166 100 24 80
166 98 2 74
166 100 7 59
166 100 47 64
166 104 18 76
166 97 32 44
166 99 53 83
166 101 13 73
166 99 22 34
166 99 9 47
166 102 23 43
166 99 8 53
167 103 10 46
167 102 31 56
167 100 31 93
167 101 86 109
167 102 54 100
167 99 13 21
167 99 85 92
167 95 0 10
167 103 62 85
167 99 73 114
167 100 40 105
167 102 7 26
167 101 78 95
167 99 26 75
167 100 60 95
167 96 1 10
167 102 73 84
167 98 45 65
167 99 72 77
167 103 91 118
167 100 102 124
167 98 54 77
167 97 35 118
167 103 60 94
167 101 3 23
168 98 17 40
168 104 22 76
168 100 12 55
168 100 21 66
168 99 18 80
168 100 6 35
168 97 0 80
168 100 5 53
168 100 19 73
168 101 8 48
168 102 25 76
168 99 63 75
168 101 13 46
168 100 3 68
168 99 22 48
168 99 47 80
168 98 26 68
168 100 23 32
168 101 11 27
168 101 9 40
168 103 17 69
168 105 17 61
168 100 5 16
168 99 7 74
168 102 1 35
168 98 42 61
168 102 28 69
168 102 23 79
168 103 21 62
168 102 14 42
169 99 20 65
169 99 13 93
169 100 5 39
169 99 35 95
169 99 49 67
169 94 66 86
169 100 17 72
169 100 6 60
169 101 14 98
169 99 2 57
169 101 13 50
169 100 42 71
169 100 64 100
169 100 26 87
169 102 12 89
169 101 69 89
169 102 82 98
169 102 8 94
169 98 20 35
169 101 42 80
169 97 66 101
169 102 8 57
169 100 6 97
169 100 27 56
169 103 34 46
169 101 78 79
169 101 38 79
169 99 1 61
169 102 30 93
169 98 3 18
170 102 76 95
170 98 14 67
170 102 42 54
170 97 11 34
170 103 0 48
170 101 18 19
170 100 35 55
170 100 4 29
170 100 64 79
170 99 54 94
170 99 17 30
170 101 5 44
170 102 21 44
170 100 24 51
170 97 6 95
170 101 31 83
170 96 69 88
170 101 12 87
170 98 52 74
170 103 57 60
170 99 29 63
170 98 14 45
170 102 81 93
170 99 22 80
170 96 33 64
170 100 58 86
170 102 46 58
171 102 16 62
171 103 34 77
171 99 2 39
171 102 28 86
171 101 27 38
171 98 7 86
171 101 9 20
171 97 25 55
171 102 54 75
171 101 69 95
171 97 8 71
171 99 29 57
171 101 27 52
171 100 59 90
171 101 4 33
171 103 13 34
171 100 36 93
171 100 2 83
171 99 13 81
171 99 11 19
171 98 17 52
171 96 58 93
171 100 14 55
171 103 5 60
171 94 46 82
171 96 17 95
171 97 35 83
172 103 90 92
172 101 28 31
172 98 0 22
172 95 1 36
172 99 72 95
172 102 15 94
172 100 16 23
172 100 24 69
172 99 48 73
172 101 57 71
172 101 67 89
172 101 89 95
172 98 12 68
172 103 26 96
172 100 1 35
172 103 29 56
172 96 32 95
172 101 14 38
172 100 1 38
172 101 2 27
172 99 2 86
172 102 69 91
172 100 36 82
173 99 61 83
173 104 11 44
173 96 20 69
173 100 68 73
173 98 1 41
173 101 25 94
173 101 24 62
173 99 50 82
173 102 15 78
173 102 5 68
173 100 24 91
173 98 6 48
173 99 10 87
173 101 1 58
173 101 57 78
173 102 13 32
173 101 28 77
173 99 7 90
173 97 19 49
173 95 35 86
173 101 48 78
173 105 4 90
173 103 12 75
173 101 11 73
173 98 11 34
173 101 40 64
173 100 17 50
174 104 58 70
174 100 14 55
174 99 33 90
174 98 3 26
174 99 40 93
174 102 11 56
174 99 33 69
174 101 50 59
174 104 47 93
174 99 7 63
174 98 8 27
174 102 6 60
174 97 53 99
174 101 19 69
174 99 45 56
174 98 75 76
174 105 27 56
174 100 8 78
174 100 53 89
174 98 5 30
174 101 5 62
174 99 27 67
174 100 75 80
174 100 59 77
174 101 39 53
174 98 5 38
174 97 26 58
175 98 1 73
175 102 14 78
175 103 11 45
175 100 43 72
175 97 26 65
175 94 40 66
175 99 4 60
175 101 49 68
175 97 14 15
175 101 17 19
175 98 42 75
175 100 25 76
175 98 48 75
175 101 0 69
175 101 38 82
175 98 5 19
175 101 36 61
175 101 5 75
175 100 11 64
175 102 35 76
175 100 59 82
175 99 47 62
175 101 15 75
175 98 12 45
175 96 15 70
175 101 8 82
175 98 16 82
175 98 6 28
175 101 8 38
176 101 67 90
176 98 61 91
176 102 13 87
176 102 27 89
176 100 11 69
176 98 45 91
176 101 54 83
176 101 1 88
176 105 13 31
176 99 39 65
176 100 33 81
176 100 29 46
176 97 38 79
176 100 10 84
176 100 9 75
176 104 7 45
176 103 2 32
176 102 22 28
176 104 25 69
176 102 53 71
176 97 29 59
176 100 14 72
176 101 30 68
176 98 32 86
176 101 46 65
176 102 17 64
176 101 61 74
176 101 38 72
176 98 0 52
176 101 7 66
176 98 64 71
177 98 2 93
177 101 54 92
177 99 53 88
177 99 4 57
177 96 18 60
177 102 0 25
177 100 11 85
177 100 66 87
177 99 53 90
177 99 49 54
177 102 8 92
177 98 61 76
177 98 8 83
177 99 70 92
177 100 38 83
177 98 4 41
177 104 60 74
177 101 3 88
177 97 3 83
177 99 8 81
177 98 2 89
177 100 4 83
177 99 34 91
177 99 49 84
177 101 16 42
177 100 16 75
177 98 60 90
177 100 5 27
177 93 16 41
177 99 17 89
178 99 18 68
178 98 64 82
178 101 30 62
178 100 37 73
178 100 24 28
178 101 40 86
178 98 34 49
178 98 13 70
178 101 18 55
178 101 24 69
178 100 23 31
178 98 37 96
178 97 47 85
178 101 42 71
178 99 5 25
178 97 13 31
178 100 15 57
178 99 63 97
178 100 17 35
178 101 34 64
178 100 20 75
178 98 60 64
178 100 38 83
178 101 66 97
178 95 63 67
178 99 4 79
178 100 26 86
178 100 7 70
178 97 7 80
178 100 43 93
178 100 36 52
178 97 24 93
178 102 32 71
178 100 13 14
179 103 3 6
179 101 31 84
179 98 8 57
179 98 23 70
179 97 58 85
179 102 20 35
179 99 8 92
179 103 27 67
179 103 53 87
179 103 48 51
179 100 13 33
179 96 5 33
179 98 3 87
179 99 31 89
179 99 15 31
179 102 34 90
179 100 19 37
179 99 48 73
179 99 28 74
179 100 12 99
179 102 35 76
179 99 68 91
179 103 74 96
179 105 39 77
179 101 47 93
179 99 18 38
179 96 18 40
179 99 15 87
180 103 49 55
180 98 8 50
180 99 37 86
180 100 63 83
180 99 18 20
180 102 50 54
180 100 20 46
180 98 10 30
180 99 48 75
180 99 0 26
180 99 31 60
180 99 2 47
180 100 0 84
180 99 40 46
180 99 45 58
180 99 21 54
180 98 14 34
180 99 26 56
180 103 2 44
180 100 25 39
180 100 20 81
180 98 48 76
180 98 4 62
180 100 19 82
180 99 42 78
180 97 48 72
180 99 1 56
180 102 5 28
180 100 22 38
180 100 26 45
181 100 83 94
181 99 63 97
181 100 21 33
181 103 68 85
181 98 16 47
181 101 80 103
181 98 58 93
181 99 11 80
181 101 7 78
181 100 35 73
181 97 30 106
181 99 46 92
181 98 1 109
181 97 1 104
181 98 35 69
181 100 19 58
181 101 65 71
181 102 25 65
181 100 1 96
181 99 27 58
181 102 14 47
181 101 56 62
181 98 95 107
181 102 39 64
181 97 0 4
181 97 25 44
181 99 22 101
181 100 33 35
181 99 29 60
181 99 30 102
182 100 45 78
182 96 34 49
182 98 18 40
182 104 6 43
182 97 10 14
182 99 28 86
182 102 61 65
182 99 42 80
182 99 4 60
182 97 36 86
182 101 24 40
182 99 29 30
182 96 16 43
182 101 4 49
182 101 45 85
182 99 18 37
182 99 32 67
182 97 26 77
182 98 49 51
182 98 4 84
182 99 40 79
182 100 55 74
182 97 24 52
182 101 52 85
182 100 17 45
182 104 7 61
182 102 35 47
182 99 10 44
182 98 45 77
182 98 7 25
182 101 24 73
183 101 80 101
183 98 18 66
183 99 69 99
183 104 29 98
183 99 2 6
183 102 25 36
183 102 14 71
183 97 22 63
183 103 63 97
183 104 26 94
183 103 61 115
183 102 9 55
183 100 17 67
183 96 29 52
183 102 46 82
183 102 59 79
183 97 40 81
183 101 99 109
183 98 22 38
183 100 16 20
183 99 10 53
183 96 5 75
183 101 24 86
183 99 69 104
183 102 8 87
183 99 12 60
183 98 5 40
183 100 31 83
183 100 75 105
183 99 38 80
183 103 40 49
184 100 22 49
184 98 17 48
184 99 4 25
184 102 25 69
184 101 28 83
184 99 50 66
184 100 79 82
184 100 43 71
184 102 59 84
184 98 2 74
184 96 53 70
184 100 46 81
184 97 25 70
184 99 63 68
184 100 15 57
184 100 33 41
184 101 31 82
184 99 6 42
184 101 27 64
184 103 47 68
184 99 34 73
184 100 27 69
184 104 33 43
184 99 32 72
184 96 26 57
184 102 34 84
184 102 84 85
184 100 15 85
184 99 16 81
184 100 0 87
184 101 15 63
184 100 17 23
184 101 23 47
185 101 65 70
185 98 66 103
185 98 19 95
185 101 18 63
185 101 23 93
185 102 45 72
185 99 5 104
185 97 25 63
185 102 41 102
185 101 10 91
185 103 41 95
185 100 30 85
185 100 0 92
185 101 36 75
185 101 47 55
185 102 62 73
185 101 2 91
185 98 5 72
185 102 6 69
185 96 8 86
185 100 47 80
185 101 65 72
185 103 5 105
185 100 3 32
185 100 2 25
185 102 84 96
185 99 9 86
185 97 15 71
185 99 81 82
185 100 60 105
185 100 29 52
185 103 58 97
186 99 36 83
186 99 17 66
186 98 40 90
186 97 33 59
186 102 61 63
186 100 18 82
186 101 58 76
186 98 6 79
186 99 37 87
186 96 31 73
186 97 32 75
186 102 16 72
186 101 60 79
186 100 42 91
186 98 55 83
186 100 48 77
186 101 52 65
186 103 3 93
186 101 18 48
186 97 38 76
186 98 48 82
186 100 14 54
186 101 63 93
186 97 22 48
186 99 15 81
186 99 8 52
187 99 5 51
187 103 70 83
187 97 4 82
187 99 44 64
187 98 0 35
187 97 73 78
187 98 9 26
187 98 65 85
187 100 4 61
187 101 8 60
187 103 65 89
187 99 4 87
187 100 72 75
187 101 11 56
187 97 28 78
187 100 29 69
187 98 7 81
187 96 12 51
187 98 4 30
187 102 20 88
187 98 11 64
187 98 14 89
187 101 66 71
187 96 27 48
187 103 16 23
187 102 19 42
187 99 62 83
187 102 9 82
187 102 65 84
187 100 61 78
187 100 25 89
187 104 13 72
188 101 19 65
188 101 75 86
188 102 15 38
188 103 3 38
188 98 9 55
188 100 39 82
188 98 44 82
188 99 30 53
188 97 32 75
188 100 7 12
188 101 65 77
188 99 71 82
188 99 13 88
188 97 16 79
188 99 34 79
188 101 14 72
188 100 38 90
188 98 42 73
188 105 30 37
188 95 43 85
188 100 3 91
189 98 25 27
189 98 20 81
189 100 8 80
189 102 42 80
189 101 6 46
189 100 39 61
189 100 50 71
189 102 11 45
189 101 68 77
189 102 6 7
189 100 26 55
189 97 63 77
189 99 14 44
189 101 0 71
189 99 54 78
189 98 22 80
189 99 41 64
189 99 16 27
189 99 18 81
189 99 1 47
189 97 8 81
189 99 7 61
189 101 5 76
189 99 21 52
189 100 9 51
189 102 0 54
189 99 41 58
189 98 49 79
189 99 1 17
190 101 71 88
190 100 45 49
190 100 73 75
190 99 7 101
190 100 32 58
190 98 0 79
190 103 51 104
190 102 24 67
190 98 26 68
190 99 61 90
190 98 71 94
190 100 11 68
190 102 23 52
190 101 23 37
190 100 23 85
190 97 18 106
190 104 55 93
190 99 22 72
190 101 26 35
190 102 40 100
190 101 13 94
190 99 4 28
190 104 21 71
190 103 0 66
190 96 77 106
190 98 11 44
190 102 58 83
190 98 19 100
190 98 10 105
190 98 30 82
190 102 69 101
190 101 53 70
190 102 49 82
190 100 14 42
190 101 53 63
190 102 79 91
191 101 12 85
191 102 0 93
191 99 21 81
191 101 12 71
191 101 15 81
191 101 59 81
191 98 59 77
191 99 31 85
191 100 17 71
191 99 57 84
191 100 7 45
191 97 60 67
191 97 24 93
191 99 36 47
191 100 7 50
191 98 62 91
191 99 27 44
191 99 58 71
191 94 36 88
191 97 63 74
191 102 11 63
191 97 36 85
191 100 78 79
191 98 37 68
191 101 34 73
191 99 43 82
192 103 40 60
192 96 9 76
192 102 47 93
192 99 13 88
192 101 26 66
192 102 78 83
192 101 10 88
192 100 7 24
192 100 13 78
192 99 17 50
192 95 75 82
192 98 8 58
192 98 57 62
192 95 17 20
192 100 0 72
192 98 20 65
192 99 16 38
192 98 22 28
192 98 34 93
192 100 81 89
192 101 41 83
192 101 32 67
192 100 19 40
192 103 74 76
192 100 12 35
192 101 2 22
192 99 1 60
192 96 26 94
192 98 27 82
192 99 38 66
192 104 49 52
192 99 49 71
192 96 24 85
192 99 11 81
193 97 41 60
193 102 46 70
193 99 39 60
193 102 27 60
193 99 1 25
193 99 27 62
193 102 35 44
193 101 52 89
193 101 56 83
193 104 13 65
193 99 4 61
193 101 15 36
193 101 24 76
193 101 15 51
193 100 16 77
193 98 28 86
193 102 39 82
193 100 0 88
193 99 44 78
193 103 14 75
193 100 5 66
193 98 2 26
193 102 9 38
193 100 8 54
193 100 16 81
193 103 62 75
193 101 16 44
193 101 13 30
193 100 32 35
193 100 38 57
193 100 66 70
193 99 3 44
193 99 49 66
194 99 37 72
194 102 12 40
194 100 49 69
194 101 33 74
194 100 2 103
194 97 47 74
194 99 12 89
194 102 23 50
194 103 9 80
194 101 23 72
194 100 32 107
194 100 16 93
194 101 16 73
194 97 26 47
194 103 101 103
194 100 20 66
194 101 4 12
194 96 76 103
194 102 58 101
194 98 74 76
194 98 11 108
194 98 17 56
194 101 7 88
194 101 100 107
194 101 11 86
194 98 13 78
194 100 11 39
194 101 69 97
195 98 7 30
195 99 45 67
195 104 78 107
195 103 60 86
195 103 46 82
195 104 4 75
195 102 7 36
195 99 11 53
195 99 24 38
195 101 82 83
195 100 25 35
195 100 38 75
195 98 22 42
195 97 31 40
195 96 80 106
195 103 0 42
195 99 41 72
195 97 6 20
195 98 97 98
195 96 24 76
195 98 30 72
195 101 44 102
195 100 46 61
195 100 64 85
196 102 29 54
196 102 7 60
196 102 12 57
196 100 20 71
196 102 13 41
196 101 32 65
196 100 3 66
196 100 3 39
196 101 38 54
196 99 12 44
196 100 11 12
196 101 54 58
196 102 22 46
196 98 42 68
196 102 6 17
196 99 23 56
196 102 43 63
196 103 8 63
196 104 22 39
196 102 4 50
196 98 6 76
196 102 8 14
196 101 6 39
196 99 13 76
196 98 16 40
196 101 64 66
196 101 15 76
196 100 14 53
196 101 7 61
197 96 78 88
197 99 4 49
197 100 9 46
197 102 30 41
197 99 58 75
197 99 22 30
197 98 13 75
197 102 26 48
197 101 19 22
197 99 46 81
197 98 38 61
197 101 18 49
197 99 32 80
197 100 54 101
197 101 3 14
197 95 57 91
197 98 60 82
197 100 64 77
197 99 9 50
197 99 20 65
197 102 1 91
197 102 12 25
197 100 0 40
197 100 41 62
198 99 54 91
198 107 14 99
198 105 4 18
198 100 11 80
198 99 14 77
198 99 11 41
198 101 26 40
198 102 5 28
198 99 6 78
198 99 18 42
198 99 28 89
198 101 11 62
198 97 79 101
198 101 75 105
198 97 55 72
198 101 45 62
198 99 37 83
198 101 35 45
198 100 60 77
198 101 101 103
198 99 4 69
198 102 82 96
198 102 18 76
198 95 65 90
198 98 54 89
198 103 13 26
198 100 17 99
198 99 53 108
198 102 46 97
199 101 25 28
199 103 31 67
199 101 19 92
199 102 1 12
199 100 28 81
199 102 6 69
199 103 20 32
199 98 35 57
199 103 59 85
199 98 70 101
199 102 52 102
199 98 45 90
199 99 0 49
199 100 13 67
199 95 18 74
199 103 31 47
199 101 41 92
199 101 31 101
199 102 29 44
199 101 31 76
199 99 37 88
199 101 72 91
199 103 55 79
199 94 66 82
199 99 35 76
199 98 61 63
199 99 24 85
199 101 43 97
