0 1 1 30
0 3 1 10
0 5 1 30
0 8 1 30
0 9 1 30
0 10 1 30
0 11 1 30
0 12 1 30
0 4 11 26
0 3 27 30
1 1 1 8
1 5 1 30
1 8 1 30
1 9 1 30
1 10 1 30
1 11 1 30
1 12 1 30
1 3 1 7
1 4 8 24
1 2 9 10
1 1 11 30
1 3 25 30
2 5 1 30
2 8 1 30
2 9 1 30
2 10 1 30
2 11 1 30
2 12 1 30
2 1 1 30
2 3 1 5
2 4 6 23
2 3 24 30
3 5 1 14
3 8 1 30
3 9 1 30
3 10 1 30
3 11 1 30
3 12 1 30
3 1 1 5
3 3 1 4
3 4 5 23
3 2 6 9
3 1 10 30
3 6 15 16
3 5 17 30
3 3 24 30
4 8 1 30
4 9 1 30
4 10 1 30
4 11 1 30
4 12 1 30
4 1 1 30
4 5 1 30
4 3 1 6
4 4 7 24
4 3 25 30
5 8 1 30
5 9 1 30
5 10 1 30
5 11 1 30
5 12 1 30
5 1 1 30
5 5 1 30
5 3 1 3
5 4 4 27
5 3 28 30
6 8 1 30
6 9 1 30
6 10 1 30
6 11 1 30
6 12 1 30
6 1 1 5
6 5 1 30
6 3 1 7
6 2 6 6
6 1 7 30
6 4 8 26
6 3 27 30
7 8 1 30
7 9 1 30
7 10 1 30
7 11 1 30
7 12 1 30
7 5 1 30
7 1 1 8
7 3 1 6
7 4 7 27
7 2 9 11
7 1 12 30
7 3 28 30
8 8 1 30
8 9 1 30
8 10 1 30
8 11 1 30
8 12 1 30
8 5 1 18
8 1 1 6
8 3 1 6
8 2 7 7
8 4 7 19
8 1 8 8
8 2 9 12
8 1 13 30
8 6 19 23
8 3 20 22
8 4 23 28
8 5 24 30
8 3 29 30
9 8 1 30
9 9 1 30
9 10 1 30
9 11 1 30
9 12 1 30
9 1 1 30
9 5 1 17
9 3 1 7
9 4 8 28
9 6 18 20
9 5 21 30
9 3 29 30
10 8 1 30
10 9 1 30
10 10 1 30
10 11 1 30
10 12 1 30
10 1 1 30
10 5 1 30
10 3 1 5
10 4 6 23
10 3 24 30
11 8 1 30
11 9 1 30
11 10 1 30
11 11 1 30
11 12 1 30
11 1 1 9
11 5 1 30
11 3 1 4
11 4 5 26
11 2 10 10
11 1 11 30
11 3 27 30
12 8 1 30
12 9 1 30
12 10 1 30
12 11 1 30
12 12 1 30
12 5 1 30
12 1 1 30
12 3 1 5
12 4 6 6
12 3 7 7
12 4 8 21
12 3 22 30
13 8 1 30
13 9 1 30
13 10 1 30
13 11 1 30
13 12 1 30
13 5 1 16
13 1 1 5
13 3 1 8
13 2 6 8
13 1 9 25
13 4 9 26
13 6 17 20
13 5 21 30
13 2 26 30
13 3 27 30
14 8 1 30
14 9 1 30
14 10 1 30
14 11 1 30
14 12 1 30
14 5 1 30
14 3 1 7
14 1 1 30
14 4 8 26
14 3 27 27
14 4 28 28
14 3 29 30
15 8 1 30
15 9 1 30
15 10 1 30
15 11 1 30
15 12 1 30
15 5 1 30
15 1 1 8
15 3 1 7
15 4 8 26
15 2 9 12
15 1 13 30
15 3 27 30
16 8 1 30
16 9 1 30
16 10 1 30
16 11 1 30
16 12 1 30
16 5 1 30
16 1 1 30
16 3 1 5
16 4 6 26
16 3 27 27
16 4 28 28
16 3 29 29
16 4 30 30
17 8 1 30
17 9 1 30
17 10 1 30
17 11 1 30
17 12 1 30
17 5 1 30
17 1 1 30
17 3 1 9
17 4 10 25
17 3 26 30
18 8 1 30
18 9 1 30
18 10 1 30
18 11 1 30
18 12 1 30
18 5 1 30
18 1 1 30
18 3 1 4
18 4 5 25
18 3 26 30
19 8 1 30
19 9 1 30
19 10 1 30
19 11 1 30
19 12 1 30
19 5 1 30
19 1 1 30
19 3 1 6
19 4 7 25
19 3 26 30
20 8 1 30
20 9 1 30
20 10 1 30
20 11 1 30
20 12 1 30
20 5 1 9
20 1 1 30
20 3 1 5
20 4 6 12
20 6 10 20
20 3 13 14
20 4 15 23
20 5 21 30
20 3 24 30
21 8 1 30
21 9 1 30
21 10 1 30
21 11 1 30
21 12 1 30
21 1 1 30
21 5 1 9
21 3 1 3
21 4 4 30
21 6 10 23
21 5 24 30
22 8 1 30
22 9 1 30
22 10 1 30
22 11 1 30
22 12 1 30
22 1 1 30
22 5 1 8
22 3 1 4
22 4 5 22
22 6 9 18
22 5 19 30
22 3 23 30
23 8 1 30
23 9 1 30
23 10 1 30
23 11 1 30
23 12 1 30
23 1 1 30
23 5 1 8
23 3 1 5
23 4 6 28
23 6 9 23
23 5 24 30
23 3 29 30
24 8 1 30
24 9 1 30
24 10 1 30
24 11 1 30
24 12 1 30
24 1 1 30
24 5 1 8
24 3 1 4
24 4 5 30
24 6 9 22
24 5 23 30
25 8 1 30
25 9 1 30
25 10 1 30
25 11 1 30
25 12 1 30
25 1 1 30
25 5 1 10
25 3 1 7
25 4 8 29
25 6 11 14
25 5 15 15
25 6 16 23
25 5 24 30
25 3 30 30
26 8 1 30
26 9 1 30
26 10 1 30
26 11 1 30
26 12 1 30
26 1 1 30
26 5 1 8
26 3 1 3
26 4 4 26
26 6 9 21
26 5 22 30
26 3 27 30
27 8 1 30
27 9 1 30
27 10 1 30
27 11 1 30
27 12 1 30
27 1 1 30
27 5 1 8
27 3 1 5
27 4 6 20
27 6 9 16
27 5 17 30
27 3 21 30
28 8 1 28
28 9 1 30
28 10 1 30
28 11 1 30
28 12 1 30
28 1 1 30
28 5 1 8
28 3 1 5
28 4 6 26
28 6 9 24
28 5 25 30
28 3 27 30
28 7 29 29
28 8 30 30
29 9 1 30
29 10 1 30
29 11 1 30
29 12 1 30
29 1 1 30
29 5 1 8
29 3 1 3
29 8 1 30
29 4 4 28
29 6 9 23
29 5 24 30
29 3 29 30
30 9 1 30
30 10 1 30
30 11 1 30
30 12 1 30
30 1 1 30
30 8 1 30
30 5 1 7
30 3 1 4
30 4 5 30
30 6 8 22
30 5 23 30
31 9 1 30
31 10 1 30
31 11 1 30
31 12 1 30
31 1 1 30
31 8 1 30
31 5 1 8
31 3 1 5
31 4 6 28
31 6 9 22
31 5 23 30
31 3 29 30
32 9 1 30
32 10 1 30
32 11 1 30
32 12 1 30
32 1 1 30
32 8 1 30
32 5 1 10
32 3 1 5
32 4 6 26
32 6 11 21
32 5 22 30
32 3 27 30
33 9 1 30
33 10 1 30
33 11 1 30
33 12 1 30
33 1 1 30
33 8 1 3
33 5 1 9
33 3 1 6
33 7 4 4
33 8 5 30
33 4 7 13
33 6 10 19
33 3 14 14
33 4 15 15
33 3 16 16
33 4 17 25
33 5 20 30
33 3 26 30
34 9 1 30
34 10 1 30
34 11 1 30
34 12 1 30
34 1 1 30
34 8 1 30
34 5 1 6
34 3 1 4
34 4 5 19
34 6 7 16
34 5 17 30
34 3 20 30
35 9 1 30
35 10 1 30
35 11 1 30
35 12 1 30
35 1 1 26
35 8 1 30
35 5 1 9
35 3 1 5
35 4 6 27
35 6 10 22
35 5 23 30
35 2 27 30
35 3 28 30
36 9 1 30
36 10 1 30
36 11 1 30
36 12 1 30
36 8 1 30
36 5 1 8
36 3 1 4
36 1 1 30
36 4 5 30
36 6 9 22
36 5 23 30
37 9 1 30
37 10 1 30
37 11 1 30
37 12 1 30
37 8 1 30
37 1 1 30
37 5 1 8
37 3 1 5
37 4 6 10
37 6 9 22
37 3 11 11
37 4 12 26
37 5 23 26
37 3 27 30
37 6 27 27
37 5 28 30
38 9 1 30
38 10 1 30
38 11 1 30
38 12 1 30
38 8 1 30
38 1 1 30
38 3 1 7
38 5 1 10
38 4 8 27
38 6 11 22
38 5 23 30
38 3 28 30
39 9 1 30
39 10 1 30
39 11 1 30
39 12 1 30
39 8 1 3
39 1 1 26
39 5 1 7
39 3 1 4
39 7 4 4
39 4 5 25
39 8 5 30
39 6 8 20
39 5 21 30
39 3 26 30
39 2 27 27
39 1 28 30
40 9 1 30
40 10 1 30
40 11 1 30
40 12 1 30
40 8 1 30
40 5 1 10
40 3 1 5
40 1 1 30
40 4 6 17
40 6 11 12
40 5 13 30
40 3 18 21
40 4 22 26
40 3 27 30
41 9 1 30
41 10 1 30
41 11 1 30
41 12 1 30
41 8 1 30
41 1 1 30
41 5 1 10
41 3 1 6
41 4 7 15
41 6 11 13
41 5 14 30
41 3 16 30
42 9 1 30
42 10 1 30
42 11 1 30
42 12 1 30
42 8 1 30
42 1 1 24
42 5 1 7
42 3 1 4
42 4 5 15
42 6 8 12
42 5 13 30
42 3 16 21
42 4 22 23
42 3 24 30
42 2 25 30
43 9 1 30
43 10 1 30
43 11 1 30
43 12 1 30
43 8 1 30
43 5 1 30
43 3 1 5
43 1 1 26
43 4 6 17
43 3 18 22
43 4 23 27
43 2 27 27
43 1 28 30
43 3 28 30
44 9 1 30
44 10 1 30
44 11 1 30
44 12 1 30
44 8 1 30
44 5 1 8
44 1 1 30
44 3 1 5
44 4 6 12
44 6 9 14
44 3 13 14
44 4 15 15
44 5 15 30
44 3 16 22
44 4 23 23
44 3 24 30
45 9 1 30
45 10 1 30
45 11 1 30
45 12 1 30
45 8 1 30
45 1 1 30
45 5 1 11
45 3 1 6
45 4 7 17
45 6 12 15
45 5 16 30
45 3 18 23
45 4 24 24
45 3 25 30
46 9 1 30
46 10 1 30
46 11 1 30
46 12 1 30
46 8 1 30
46 1 1 30
46 5 1 9
46 3 1 4
46 4 5 16
46 6 10 13
46 5 14 30
46 3 17 21
46 4 22 24
46 3 25 30
47 9 1 30
47 10 1 30
47 11 1 30
47 12 1 30
47 8 1 30
47 1 1 26
47 5 1 9
47 3 1 5
47 4 6 14
47 6 10 11
47 5 12 30
47 3 15 30
47 2 27 30
48 9 1 30
48 10 1 30
48 11 1 30
48 12 1 30
48 8 1 30
48 5 1 9
48 3 1 6
48 1 1 2
48 2 3 3
48 1 4 30
48 4 7 16
48 6 10 14
48 5 15 30
48 3 17 19
48 4 20 24
48 3 25 30
49 9 1 30
49 10 1 30
49 11 1 30
49 12 1 30
49 8 1 30
49 1 1 30
49 5 1 8
49 3 1 5
49 4 6 20
49 6 9 13
49 5 14 30
49 3 21 30
50 9 1 30
50 10 1 30
50 11 1 30
50 12 1 30
50 8 1 30
50 1 1 30
50 5 1 7
50 3 1 6
50 4 7 7
50 3 8 8
50 6 8 13
50 4 9 24
50 5 14 30
50 3 25 30
51 9 1 30
51 10 1 30
51 11 1 30
51 12 1 30
51 8 1 30
51 1 1 27
51 5 1 21
51 3 1 5
51 4 6 21
51 3 22 22
51 6 22 22
51 4 23 24
51 5 23 30
51 3 25 30
51 2 28 30
52 9 1 30
52 10 1 30
52 11 1 30
52 12 1 30
52 8 1 30
52 5 1 9
52 3 1 6
52 1 1 30
52 4 7 15
52 6 10 12
52 5 13 30
52 3 16 30
53 9 1 30
53 10 1 30
53 11 1 30
53 12 1 30
53 8 1 30
53 1 1 30
53 5 1 9
53 3 1 5
53 4 6 26
53 6 10 14
53 5 15 30
53 3 27 30
54 9 1 30
54 10 1 30
54 11 1 30
54 12 1 30
54 8 1 30
54 1 1 30
54 5 1 30
54 3 1 6
54 4 7 19
54 3 20 30
55 9 1 30
55 10 1 30
55 11 1 30
55 12 1 30
55 8 1 30
55 1 1 30
55 5 1 13
55 3 1 9
55 4 10 19
55 6 14 17
55 5 18 30
55 3 20 25
55 4 26 26
55 3 27 27
55 4 28 28
55 3 29 30
56 9 1 30
56 10 1 30
56 11 1 30
56 12 1 30
56 8 1 30
56 1 1 9
56 5 1 30
56 3 1 5
56 4 6 25
56 2 10 11
56 1 12 30
56 3 26 30
57 9 1 30
57 10 1 30
57 11 1 30
57 12 1 30
57 8 1 30
57 5 1 7
57 1 1 30
57 3 1 3
57 4 4 8
57 6 8 12
57 3 9 11
57 4 12 14
57 5 13 30
57 3 15 20
57 4 21 22
57 3 23 30
58 9 1 30
58 10 1 30
58 11 1 30
58 12 1 30
58 8 1 30
58 1 1 30
58 5 1 11
58 3 1 7
58 4 8 17
58 6 12 16
58 5 17 30
58 3 18 22
58 4 23 25
58 3 26 30
59 9 1 30
59 10 1 30
59 11 1 30
59 12 1 30
59 8 1 30
59 1 1 29
59 5 1 9
59 3 1 5
59 4 6 26
59 6 10 14
59 5 15 30
59 3 27 30
59 2 30 30
60 9 1 30
60 10 1 30
60 11 1 30
60 12 1 30
60 8 1 30
60 5 1 30
60 3 1 8
60 1 1 30
60 4 9 28
60 3 29 30
61 9 1 30
61 10 1 30
61 11 1 30
61 12 1 30
61 8 1 30
61 5 1 30
61 1 1 30
61 3 1 4
61 4 5 26
61 3 27 30
62 9 1 30
62 10 1 30
62 11 1 30
62 12 1 30
62 8 1 30
62 5 1 30
62 1 1 27
62 3 1 3
62 4 4 27
62 2 28 28
62 3 28 30
62 1 29 29
62 2 30 30
63 9 1 30
63 10 1 30
63 11 1 30
63 12 1 30
63 8 1 30
63 5 1 30
63 3 1 5
63 1 1 30
63 4 6 26
63 3 27 30
64 9 1 30
64 10 1 30
64 11 1 30
64 12 1 30
64 8 1 30
64 5 1 30
64 1 1 30
64 3 1 4
64 4 5 30
65 9 1 30
65 10 1 30
65 11 1 30
65 12 1 30
65 8 1 30
65 5 1 30
65 1 1 6
65 3 1 3
65 4 4 25
65 2 7 7
65 1 8 30
65 3 26 30
66 9 1 30
66 10 1 30
66 11 1 30
66 12 1 30
66 8 1 30
66 5 1 30
66 1 1 30
66 3 1 2
66 4 3 26
66 3 27 30
67 9 1 30
67 10 1 30
67 11 1 30
67 12 1 30
67 8 1 30
67 5 1 30
67 1 1 30
67 3 1 3
67 4 4 26
67 3 27 30
68 9 1 30
68 10 1 30
68 11 1 30
68 12 1 30
68 8 1 30
68 5 1 30
68 1 1 30
68 3 1 3
68 4 4 25
68 3 26 30
69 9 1 30
69 10 1 30
69 11 1 30
69 12 1 30
69 8 1 30
69 5 1 30
69 1 1 30
69 3 1 5
69 4 6 27
69 3 28 30
70 9 1 30
70 10 1 30
70 11 1 30
70 12 1 30
70 8 1 30
70 5 1 15
70 1 1 30
70 3 1 7
70 4 8 15
70 3 16 16
70 6 16 16
70 4 17 28
70 5 17 30
70 3 29 30
71 9 1 30
71 10 1 30
71 11 1 30
71 12 1 30
71 8 1 30
71 1 1 30
71 5 1 30
71 3 1 4
71 4 5 25
71 3 26 30
72 9 1 30
72 10 1 30
72 11 1 30
72 12 1 30
72 8 1 30
72 1 1 30
72 5 1 30
72 3 1 1
72 4 2 28
72 3 29 30
73 9 1 30
73 10 1 30
73 11 1 30
73 12 1 30
73 8 1 30
73 1 1 4
73 5 1 30
73 3 1 4
73 2 5 9
73 4 5 17
73 1 10 10
73 2 11 12
73 1 13 13
73 2 14 30
73 3 18 30
74 9 1 30
74 10 1 30
74 11 1 30
74 12 1 30
74 8 1 2
74 5 1 30
74 3 1 6
74 1 1 30
74 7 3 3
74 8 4 15
74 4 7 24
74 7 16 16
74 8 17 30
74 3 25 30
75 9 1 30
75 10 1 30
75 11 1 30
75 12 1 30
75 5 1 30
75 1 1 4
75 8 1 30
75 3 1 2
75 4 3 30
75 2 5 10
75 1 11 12
75 2 13 17
75 1 18 18
75 2 19 25
75 1 26 27
75 2 28 30
76 9 1 30
76 10 1 30
76 11 1 30
76 12 1 30
76 5 1 30
76 8 1 30
76 1 1 30
76 3 1 5
76 4 6 27
76 3 28 30
77 9 1 30
77 10 1 30
77 11 1 30
77 12 1 30
77 5 1 8
77 8 1 4
77 1 1 5
77 3 1 4
77 4 5 25
77 7 5 5
77 2 6 8
77 8 6 8
77 1 9 9
77 6 9 9
77 7 9 9
77 2 10 24
77 5 10 30
77 8 10 30
77 1 25 30
77 3 26 30
78 9 1 30
78 10 1 30
78 11 1 30
78 12 1 30
78 5 1 30
78 8 1 30
78 1 1 11
78 3 1 7
78 4 8 23
78 2 12 12
78 1 13 30
78 3 24 24
78 4 25 27
78 3 28 30
79 9 1 30
79 10 1 30
79 11 1 30
79 12 1 30
79 5 1 30
79 8 1 30
79 1 1 3
79 3 1 3
79 2 4 5
79 4 4 27
79 1 6 30
79 3 28 30
80 9 1 30
80 10 1 30
80 11 1 30
80 12 1 30
80 5 1 10
80 8 1 3
80 1 1 30
80 3 1 4
80 7 4 4
80 4 5 26
80 8 5 30
80 6 11 22
80 5 23 30
80 3 27 30
81 9 1 30
81 10 1 30
81 11 1 30
81 12 1 30
81 1 1 30
81 8 1 30
81 5 1 9
81 3 1 6
81 4 7 25
81 6 10 21
81 5 22 30
81 3 26 30
82 9 1 30
82 10 1 30
82 11 1 30
82 12 1 30
82 1 1 30
82 8 1 30
82 5 1 13
82 3 1 5
82 4 6 14
82 6 14 23
82 3 15 15
82 4 16 16
82 3 17 21
82 4 22 30
82 5 24 30
83 9 1 30
83 10 1 30
83 11 1 30
83 12 1 30
83 1 1 30
83 8 1 30
83 5 1 9
83 3 1 6
83 4 7 25
83 6 10 20
83 5 21 30
83 3 26 30
84 9 1 30
84 10 1 30
84 11 1 30
84 12 1 30
84 1 1 29
84 8 1 30
84 5 1 11
84 3 1 6
84 4 7 28
84 6 12 18
84 5 19 30
84 3 29 30
84 2 30 30
85 9 1 30
85 10 1 30
85 11 1 30
85 12 1 30
85 8 1 30
85 5 1 9
85 3 1 5
85 1 1 30
85 4 6 23
85 6 10 18
85 5 19 30
85 3 24 30
86 9 1 30
86 10 1 30
86 11 1 30
86 12 1 30
86 8 1 30
86 1 1 30
86 5 1 11
86 3 1 7
86 4 8 24
86 6 12 21
86 5 22 30
86 3 25 30
87 9 1 30
87 10 1 30
87 11 1 30
87 12 1 30
87 8 1 30
87 1 1 28
87 5 1 11
87 3 1 5
87 4 6 25
87 6 12 17
87 5 18 30
87 3 26 30
87 2 29 30
88 9 1 30
88 10 1 30
88 11 1 30
88 12 1 30
88 8 1 30
88 5 1 12
88 3 1 6
88 1 1 30
88 4 7 27
88 6 13 19
88 5 20 30
88 3 28 30
89 9 1 30
89 10 1 30
89 11 1 30
89 12 1 30
89 8 1 30
89 1 1 30
89 5 1 11
89 3 1 5
89 4 6 26
89 6 12 20
89 5 21 30
89 3 27 30
90 9 1 30
90 10 1 30
90 11 1 30
90 12 1 30
90 8 1 30
90 1 1 23
90 5 1 9
90 3 1 5
90 4 6 23
90 6 10 17
90 5 18 30
90 2 24 30
90 3 24 30
91 9 1 30
91 10 1 30
91 11 1 30
91 12 1 30
91 8 1 30
91 5 1 9
91 3 1 6
91 1 1 30
91 4 7 24
91 6 10 20
91 5 21 30
91 3 25 30
92 9 1 30
92 10 1 30
92 11 1 30
92 12 1 30
92 8 1 30
92 1 1 30
92 5 1 13
92 3 1 8
92 4 9 30
92 6 14 23
92 5 24 30
93 9 1 30
93 10 1 30
93 11 1 30
93 12 1 30
93 8 1 30
93 1 1 30
93 5 1 8
93 3 1 5
93 4 6 24
93 6 9 20
93 5 21 30
93 3 25 30
94 9 1 30
94 10 1 30
94 11 1 30
94 12 1 30
94 8 1 2
94 1 1 30
94 5 1 16
94 3 1 13
94 7 3 3
94 8 4 30
94 4 14 24
94 6 17 20
94 5 21 30
94 3 25 30
95 9 1 30
95 10 1 30
95 11 1 30
95 12 1 30
95 1 1 11
95 8 1 30
95 5 1 10
95 3 1 6
95 4 7 26
95 6 11 20
95 2 12 12
95 1 13 30
95 5 21 30
95 3 27 30
96 9 1 30
96 10 1 30
96 11 1 30
96 12 1 30
96 8 1 30
96 1 1 30
96 5 1 16
96 3 1 8
96 4 9 28
96 6 17 21
96 5 22 30
96 3 29 30
97 9 1 30
97 10 1 30
97 11 1 30
97 12 1 30
97 8 1 30
97 1 1 30
97 5 1 12
97 3 1 4
97 4 5 26
97 6 13 18
97 5 19 30
97 3 27 30
98 9 1 30
98 10 1 30
98 11 1 30
98 12 1 30
98 8 1 30
98 1 1 30
98 5 1 11
98 3 1 6
98 4 7 28
98 6 12 22
98 5 23 30
98 3 29 30
99 9 1 30
99 10 1 30
99 11 1 30
99 12 1 30
99 8 1 30
99 1 1 30
99 5 1 10
99 3 1 4
99 4 5 13
99 6 11 21
99 3 14 15
99 4 16 16
99 3 17 17
99 4 18 30
99 5 22 30
100 9 1 30
100 10 1 30
100 11 1 30
100 12 1 30
100 8 1 30
100 1 1 17
100 5 1 12
100 3 1 6
100 4 7 30
100 6 13 14
100 5 15 30
100 2 18 25
100 1 26 30
101 9 1 30
101 10 1 30
101 11 1 30
101 12 1 30
101 8 1 30
101 5 1 7
101 1 1 16
101 3 1 4
101 4 5 25
101 6 8 19
101 2 17 18
101 1 19 30
101 5 20 30
101 3 26 30
102 9 1 30
102 10 1 30
102 11 1 30
102 12 1 30
102 8 1 30
102 1 1 14
102 5 1 9
102 3 1 5
102 4 6 28
102 6 10 22
102 2 15 23
102 5 23 30
102 1 24 30
102 3 29 30
103 9 1 30
103 10 1 30
103 11 1 30
103 12 1 30
103 8 1 30
103 5 1 12
103 1 1 18
103 3 1 4
103 4 5 30
103 6 13 13
103 5 14 30
103 2 19 23
103 1 24 24
103 2 25 26
103 1 27 27
103 2 28 28
103 1 29 30
104 9 1 30
104 10 1 30
104 11 1 30
104 12 1 30
104 8 1 30
104 5 1 30
104 1 1 14
104 3 1 5
104 4 6 29
104 2 15 15
104 1 16 17
104 2 18 22
104 1 23 30
104 3 30 30
105 9 1 30
105 10 1 30
105 11 1 30
105 12 1 30
105 8 1 30
105 5 1 7
105 1 1 10
105 3 1 3
105 4 4 24
105 6 8 17
105 2 11 12
105 1 13 14
105 2 15 22
105 5 18 30
105 1 23 24
105 2 25 25
105 3 25 30
105 1 26 30
106 9 1 30
106 10 1 30
106 11 1 30
106 12 1 30
106 8 1 30
106 5 1 30
106 3 1 4
106 1 1 16
106 4 5 26
106 2 17 18
106 1 19 21
106 2 22 22
106 1 23 25
106 2 26 26
106 1 27 27
106 3 27 30
106 2 28 28
106 1 29 30
107 9 1 30
107 10 1 30
107 11 1 30
107 12 1 30
107 8 1 30
107 5 1 9
107 3 1 4
107 1 1 14
107 4 5 30
107 6 10 23
107 2 15 15
107 1 16 16
107 2 17 21
107 1 22 30
107 5 24 30
108 9 1 30
108 10 1 30
108 11 1 30
108 12 1 30
108 8 1 30
108 1 1 16
108 5 1 30
108 3 1 4
108 4 5 27
108 2 17 22
108 1 23 30
108 3 28 30
109 9 1 30
109 10 1 30
109 11 1 30
109 12 1 30
109 8 1 30
109 5 1 7
109 1 1 13
109 3 1 4
109 4 5 9
109 6 8 20
109 3 10 11
109 4 12 26
109 2 14 14
109 1 15 15
109 2 16 16
109 1 17 17
109 2 18 19
109 1 20 30
109 5 21 30
109 3 27 30
110 9 1 30
110 10 1 30
110 11 1 30
110 12 1 30
110 8 1 30
110 1 1 16
110 5 1 11
110 3 1 4
110 4 5 28
110 6 12 13
110 5 14 17
110 2 17 20
110 6 18 18
110 5 19 30
110 1 21 26
110 2 27 27
110 1 28 30
110 3 29 30
111 9 1 30
111 10 1 30
111 11 1 30
111 12 1 30
111 8 1 30
111 5 1 9
111 1 1 17
111 3 1 4
111 4 5 28
111 6 10 18
111 2 18 18
111 1 19 30
111 5 19 30
111 3 29 30
112 9 1 30
112 10 1 30
112 11 1 30
112 12 1 30
112 8 1 30
112 1 1 17
112 5 1 30
112 3 1 4
112 4 5 27
112 2 18 23
112 1 24 30
112 3 28 30
113 9 1 30
113 10 1 30
113 11 1 30
113 12 1 30
113 8 1 30
113 5 1 9
113 1 1 15
113 3 1 4
113 4 5 26
113 6 10 12
113 5 13 30
113 2 16 17
113 1 18 18
113 2 19 20
113 1 21 30
113 3 27 30
114 9 1 30
114 10 1 30
114 11 1 30
114 12 1 30
114 8 1 30
114 5 1 9
114 1 1 15
114 3 1 5
114 4 6 27
114 6 10 19
114 2 16 23
114 5 20 30
114 1 24 30
114 3 28 30
115 9 1 30
115 10 1 30
115 11 1 30
115 12 1 30
115 8 1 30
115 5 1 8
115 1 1 10
115 3 1 5
115 4 6 29
115 6 9 19
115 2 11 11
115 1 12 17
115 2 18 19
115 1 20 20
115 5 20 30
115 2 21 22
115 1 23 30
115 3 30 30
116 9 1 30
116 10 1 30
116 11 1 30
116 12 1 30
116 8 1 30
116 5 1 11
116 1 1 16
116 3 1 5
116 4 6 24
116 6 12 13
116 5 14 30
116 2 17 17
116 1 18 18
116 2 19 21
116 1 22 30
116 3 25 30
117 9 1 30
117 10 1 30
117 11 1 30
117 12 1 30
117 8 1 30
117 5 1 15
117 1 1 20
117 3 1 12
117 4 13 30
117 6 16 22
117 2 21 26
117 5 23 30
117 1 27 30
118 9 1 30
118 10 1 30
118 11 1 30
118 12 1 30
118 8 1 30
118 5 1 10
118 1 1 30
118 3 1 6
118 4 7 28
118 6 11 20
118 5 21 30
118 3 29 30
119 9 1 30
119 10 1 30
119 11 1 30
119 12 1 30
119 8 1 30
119 1 1 14
119 5 1 30
119 3 1 5
119 4 6 29
119 2 15 27
119 1 28 30
119 3 30 30
120 9 1 30
120 10 1 30
120 11 1 30
120 12 1 30
120 8 1 30
120 5 1 30
120 1 1 30
120 3 1 3
120 4 4 28
120 3 29 30
121 9 1 30
121 10 1 30
121 11 1 30
121 12 1 30
121 8 1 30
121 5 1 30
121 1 1 30
121 3 1 4
121 4 5 28
121 3 29 30
122 9 1 30
122 10 1 30
122 11 1 30
122 12 1 30
122 8 1 30
122 5 1 30
122 1 1 30
122 3 1 5
122 4 6 23
122 3 24 30
123 9 1 30
123 10 1 30
123 11 1 30
123 12 1 30
123 8 1 30
123 5 1 30
123 1 1 29
123 3 1 4
123 4 5 28
123 3 29 30
123 2 30 30
124 9 1 30
124 10 1 30
124 11 1 30
124 12 1 30
124 8 1 30
124 5 1 30
124 3 1 4
124 1 1 30
124 4 5 24
124 3 25 30
125 9 1 30
125 10 1 30
125 11 1 30
125 12 1 30
125 8 1 30
125 5 1 30
125 1 1 30
125 3 1 5
125 4 6 25
125 3 26 26
125 4 27 27
125 3 28 30
126 9 1 30
126 10 1 30
126 11 1 30
126 12 1 30
126 8 1 30
126 5 1 30
126 1 1 30
126 3 1 3
126 4 4 25
126 3 26 30
127 9 1 30
127 10 1 30
127 11 1 30
127 12 1 30
127 8 1 30
127 5 1 30
127 1 1 28
127 3 1 5
127 4 6 30
127 2 29 30
128 9 1 30
128 10 1 30
128 11 1 30
128 12 1 30
128 8 1 30
128 5 1 30
128 1 1 30
128 3 1 5
128 4 6 25
128 3 26 30
129 9 1 30
129 10 1 30
129 11 1 30
129 12 1 30
129 8 1 30
129 5 1 30
129 1 1 30
129 3 1 3
129 4 4 27
129 3 28 30
130 9 1 30
130 10 1 30
130 11 1 30
130 12 1 30
130 8 1 30
130 5 1 30
130 1 1 30
130 3 1 4
130 4 5 27
130 3 28 30
131 9 1 30
131 10 1 30
131 11 1 30
131 12 1 30
131 8 1 30
131 5 1 30
131 1 1 30
131 3 1 3
131 4 4 27
131 3 28 30
132 9 1 30
132 10 1 30
132 11 1 30
132 12 1 30
132 5 1 30
132 1 1 30
132 3 1 5
132 7 1 1
132 8 2 30
132 4 6 30
133 9 1 30
133 10 1 30
133 11 1 30
133 12 1 30
133 5 1 30
133 1 1 30
133 8 1 30
133 3 1 3
133 4 4 25
133 3 26 30
134 9 1 30
134 10 1 30
134 11 1 30
134 12 1 30
134 5 1 30
134 1 1 30
134 8 1 30
134 3 1 9
134 4 10 28
134 3 29 30
135 9 1 30
135 10 1 30
135 11 1 30
135 12 1 30
135 5 1 30
135 1 1 29
135 8 1 30
135 3 1 5
135 4 6 24
135 3 25 30
135 2 30 30
136 9 1 30
136 10 1 30
136 11 1 30
136 12 1 30
136 5 1 30
136 8 1 30
136 3 1 4
136 1 1 30
136 4 5 25
136 3 26 30
137 9 1 30
137 10 1 30
137 11 1 30
137 12 1 30
137 5 1 30
137 8 1 30
137 1 1 30
137 3 1 5
137 4 6 23
137 3 24 30
138 9 1 30
138 10 1 30
138 11 1 30
138 12 1 30
138 5 1 30
138 8 1 30
138 1 1 30
138 3 1 4
138 4 5 27
138 3 28 30
139 9 1 30
139 10 1 30
139 11 1 30
139 12 1 30
139 5 1 30
139 8 1 30
139 1 1 29
139 3 1 3
139 4 4 30
139 2 30 30
140 9 1 30
140 10 1 30
140 11 1 30
140 12 1 30
140 5 1 30
140 8 1 30
140 1 1 30
140 3 1 4
140 4 5 27
140 3 28 30
141 9 1 30
141 10 1 30
141 11 1 30
141 12 1 30
141 5 1 30
141 8 1 30
141 3 1 6
141 2 1 9
141 4 7 27
141 1 10 23
141 2 24 30
141 3 28 30
142 9 1 30
142 10 1 30
142 11 1 30
142 12 1 30
142 5 1 30
142 8 1 30
142 3 1 4
142 1 1 27
142 4 5 26
142 3 27 30
142 2 28 28
142 1 29 30
143 9 1 30
143 10 1 30
143 11 1 30
143 12 1 30
143 5 1 30
143 8 1 30
143 3 1 5
143 1 1 17
143 4 6 18
143 2 18 30
143 3 19 30
144 9 1 30
144 10 1 30
144 11 1 30
144 12 1 30
144 5 1 30
144 8 1 30
144 3 1 5
144 1 1 30
144 4 6 25
144 3 26 30
145 9 1 30
145 10 1 30
145 11 1 30
145 12 1 30
145 5 1 30
145 8 1 30
145 1 1 30
145 3 1 5
145 4 6 23
145 3 24 30
146 9 1 30
146 10 1 30
146 11 1 30
146 12 1 30
146 5 1 30
146 8 1 30
146 1 1 30
146 3 1 4
146 4 5 25
146 3 26 30
147 9 1 30
147 10 1 30
147 11 1 30
147 12 1 30
147 5 1 30
147 8 1 30
147 1 1 30
147 3 1 5
147 4 6 28
147 3 29 30
148 9 1 30
148 10 1 30
148 11 1 30
148 12 1 30
148 5 1 30
148 8 1 30
148 1 1 30
148 3 1 6
148 4 7 25
148 3 26 30
149 9 1 30
149 10 1 30
149 11 1 30
149 12 1 30
149 5 1 30
149 8 1 30
149 1 1 30
149 3 1 7
149 4 8 28
149 3 29 30
150 9 1 30
150 10 1 30
150 11 1 30
150 12 1 30
150 5 1 30
150 8 1 30
150 1 1 30
150 3 1 6
150 4 7 29
150 3 30 30
151 9 1 30
151 10 1 30
151 11 1 30
151 12 1 30
151 5 1 30
151 8 1 30
151 1 1 30
151 3 1 6
151 4 7 28
151 3 29 30
152 9 1 30
152 10 1 30
152 11 1 30
152 12 1 30
152 5 1 30
152 8 1 30
152 1 1 30
152 3 1 5
152 4 6 29
152 3 30 30
153 9 1 30
153 10 1 30
153 11 1 30
153 12 1 30
153 5 1 30
153 8 1 30
153 1 1 26
153 3 1 5
153 4 6 24
153 3 25 30
153 2 27 30
154 9 1 30
154 10 1 30
154 11 1 30
154 12 1 30
154 5 1 30
154 8 1 30
154 3 1 6
154 1 1 30
154 4 7 28
154 3 29 30
155 9 1 30
155 10 1 30
155 11 1 30
155 12 1 30
155 5 1 30
155 8 1 30
155 1 1 30
155 3 1 5
155 4 6 26
155 3 27 30
156 9 1 30
156 10 1 30
156 11 1 30
156 12 1 30
156 5 1 30
156 8 1 30
156 1 1 30
156 3 1 5
156 4 6 27
156 3 28 30
157 9 1 30
157 10 1 30
157 11 1 30
157 12 1 30
157 5 1 30
157 8 1 30
157 1 1 30
157 3 1 5
157 4 6 22
157 3 23 30
158 9 1 30
158 10 1 30
158 11 1 30
158 12 1 30
158 5 1 30
158 8 1 30
158 1 1 30
158 3 1 4
158 4 5 26
158 3 27 30
159 9 1 30
159 10 1 30
159 11 1 30
159 12 1 30
159 5 1 30
159 8 1 30
159 1 1 30
159 3 1 5
159 4 6 24
159 3 25 30
160 9 1 30
160 10 1 30
160 11 1 30
160 12 1 30
160 5 1 30
160 8 1 30
160 1 1 30
160 3 1 5
160 4 6 24
160 3 25 30
161 9 1 30
161 10 1 30
161 11 1 30
161 12 1 30
161 5 1 30
161 8 1 30
161 1 1 30
161 3 1 4
161 4 5 22
161 3 23 30
162 9 1 30
162 10 1 30
162 11 1 30
162 12 1 30
162 5 1 30
162 8 1 30
162 1 1 30
162 3 1 5
162 4 6 27
162 3 28 30
163 9 1 30
163 10 1 30
163 11 1 30
163 12 1 30
163 5 1 30
163 8 1 30
163 1 1 30
163 3 1 5
163 4 6 29
163 3 30 30
164 9 1 30
164 10 1 30
164 11 1 30
164 12 1 30
164 5 1 30
164 8 1 30
164 1 1 6
164 3 1 7
164 2 7 9
164 4 8 26
164 1 10 30
164 3 27 30
165 9 1 30
165 10 1 30
165 11 1 30
165 12 1 30
165 5 1 30
165 8 1 30
165 1 1 30
165 3 1 4
165 4 5 23
165 3 24 26
165 4 27 28
165 3 29 30
166 9 1 30
166 10 1 30
166 11 1 30
166 12 1 30
166 5 1 30
166 8 1 7
166 1 1 30
166 3 1 5
166 4 6 7
166 3 8 8
166 7 8 8
166 4 9 25
166 8 9 30
166 3 26 30
167 9 1 30
167 10 1 30
167 11 1 30
167 12 1 30
167 5 1 30
167 1 1 30
167 8 1 30
167 3 1 4
167 4 5 20
167 3 21 25
167 4 26 27
167 3 28 30
168 9 1 30
168 10 1 30
168 11 1 30
168 12 1 30
168 5 1 30
168 1 1 30
168 8 1 30
168 3 1 6
168 4 7 16
168 3 17 18
168 4 19 23
168 3 24 30
169 9 1 30
169 10 1 30
169 11 1 30
169 12 1 30
169 5 1 30
169 1 1 30
169 8 1 30
169 3 1 6
169 4 7 17
169 3 18 30
170 9 1 30
170 10 1 30
170 11 1 30
170 12 1 30
170 5 1 30
170 1 1 30
170 8 1 30
170 3 1 9
170 4 10 16
170 3 17 21
170 4 22 24
170 3 25 27
170 4 28 29
170 3 30 30
171 9 1 30
171 10 1 30
171 11 1 30
171 12 1 30
171 5 1 30
171 1 1 30
171 8 1 30
171 3 1 12
171 4 13 19
171 3 20 20
171 4 21 30
172 9 1 30
172 10 1 30
172 11 1 30
172 12 1 30
172 5 1 30
172 1 1 30
172 8 1 30
172 3 1 6
172 4 7 16
172 3 17 17
172 4 18 28
172 3 29 30
173 9 1 30
173 10 1 30
173 11 1 30
173 12 1 30
173 5 1 30
173 1 1 30
173 8 1 30
173 3 1 4
173 4 5 27
173 3 28 30
174 9 1 30
174 10 1 30
174 11 1 30
174 12 1 30
174 5 1 30
174 1 1 29
174 8 1 30
174 3 1 4
174 4 5 30
174 2 30 30
175 9 1 30
175 10 1 30
175 11 1 30
175 12 1 30
175 5 1 30
175 8 1 30
175 1 1 30
175 3 1 4
175 4 5 26
175 3 27 30
176 9 1 30
176 10 1 30
176 11 1 30
176 12 1 30
176 5 1 30
176 8 1 30
176 1 1 30
176 3 1 4
176 4 5 26
176 3 27 30
177 9 1 30
177 10 1 30
177 11 1 30
177 12 1 30
177 5 1 30
177 8 1 30
177 1 1 29
177 3 1 6
177 4 7 26
177 3 27 30
177 2 30 30
178 9 1 30
178 10 1 30
178 11 1 30
178 12 1 30
178 5 1 30
178 8 1 30
178 3 1 3
178 1 1 30
178 4 4 29
178 3 30 30
179 9 1 30
179 10 1 30
179 11 1 30
179 12 1 30
179 5 1 30
179 8 1 30
179 1 1 30
179 3 1 8
179 4 9 15
179 3 16 19
179 4 20 26
179 3 27 30
180 9 1 30
180 10 1 30
180 11 1 30
180 12 1 30
180 5 1 10
180 8 1 30
180 1 1 26
180 3 1 7
180 4 8 18
180 6 11 14
180 5 15 30
180 3 19 20
180 4 21 21
180 3 22 23
180 4 24 24
180 3 25 30
180 2 27 28
180 1 29 30
181 9 1 30
181 10 1 30
181 11 1 30
181 12 1 30
181 8 1 30
181 5 1 30
181 3 1 10
181 1 1 30
181 4 11 27
181 3 28 30
182 9 1 30
182 10 1 30
182 11 1 30
182 12 1 30
182 8 1 30
182 5 1 7
182 1 1 30
182 3 1 4
182 4 5 14
182 6 8 10
182 5 11 30
182 3 15 16
182 4 17 23
182 3 24 30
183 9 1 30
183 10 1 30
183 11 1 30
183 12 1 30
183 8 1 30
183 1 1 24
183 5 1 9
183 3 1 6
183 4 7 25
183 6 10 13
183 5 14 30
183 2 25 29
183 3 26 30
183 1 30 30
184 9 1 30
184 10 1 30
184 11 1 30
184 12 1 30
184 8 1 30
184 5 1 9
184 3 1 5
184 1 1 30
184 4 6 30
184 6 10 12
184 5 13 30
185 9 1 30
185 10 1 30
185 11 1 30
185 12 1 30
185 8 1 30
185 1 1 30
185 5 1 9
185 3 1 6
185 4 7 15
185 6 10 10
185 5 11 30
185 3 16 30
186 9 1 30
186 10 1 30
186 11 1 30
186 12 1 30
186 8 1 30
186 1 1 30
186 5 1 13
186 3 1 9
186 4 10 30
186 6 14 16
186 5 17 30
187 9 1 30
187 10 1 30
187 11 1 30
187 12 1 30
187 8 1 30
187 1 1 30
187 5 1 9
187 3 1 7
187 4 8 26
187 6 10 15
187 5 16 30
187 3 27 30
188 9 1 30
188 10 1 30
188 11 1 30
188 12 1 30
188 8 1 30
188 1 1 30
188 5 1 10
188 3 1 5
188 4 6 25
188 6 11 12
188 5 13 30
188 3 26 30
189 9 1 30
189 10 1 30
189 11 1 30
189 12 1 30
189 8 1 30
189 1 1 30
189 5 1 30
189 3 1 6
189 4 7 26
189 3 27 30
190 9 1 30
190 10 1 30
190 11 1 30
190 12 1 30
190 8 1 30
190 1 1 30
190 5 1 9
190 3 1 5
190 4 6 28
190 6 10 11
190 5 12 30
190 3 29 30
191 9 1 30
191 10 1 30
191 11 1 30
191 12 1 30
191 8 1 30
191 1 1 30
191 5 1 12
191 3 1 8
191 4 9 25
191 6 13 13
191 5 14 30
191 3 26 30
192 9 1 30
192 10 1 30
192 11 1 30
192 12 1 30
192 8 1 30
192 1 1 30
192 5 1 10
192 3 1 6
192 4 7 26
192 6 11 12
192 5 13 30
192 3 27 30
193 9 1 30
193 10 1 30
193 11 1 30
193 12 1 30
193 8 1 30
193 1 1 28
193 5 1 30
193 3 1 6
193 4 7 25
193 3 26 30
193 2 29 29
193 1 30 30
194 9 1 30
194 10 1 30
194 11 1 30
194 12 1 30
194 8 1 30
194 5 1 14
194 3 1 12
194 1 1 30
194 4 13 30
194 6 15 19
194 5 20 30
195 9 1 30
195 10 1 30
195 11 1 30
195 12 1 30
195 8 1 30
195 1 1 28
195 5 1 11
195 3 1 9
195 4 10 26
195 6 12 15
195 5 16 30
195 3 27 30
195 2 29 29
195 1 30 30
196 9 1 30
196 10 1 30
196 11 1 30
196 12 1 30
196 8 1 30
196 5 1 8
196 3 1 5
196 1 1 28
196 4 6 18
196 6 9 15
196 5 16 30
196 3 19 23
196 4 24 26
196 3 27 30
196 2 29 29
196 1 30 30
197 9 1 30
197 10 1 30
197 11 1 30
197 12 1 30
197 8 1 30
197 5 1 9
197 3 1 6
197 1 1 24
197 4 7 23
197 6 10 13
197 5 14 30
197 3 24 30
197 2 25 27
197 1 28 30
198 9 1 30
198 10 1 30
198 11 1 30
198 12 1 30
198 8 1 30
198 5 1 8
198 3 1 5
198 1 1 30
198 4 6 11
198 6 9 15
198 3 12 12
198 4 13 18
198 5 16 30
198 3 19 23
198 4 24 25
198 3 26 30
199 9 1 30
199 10 1 30
199 11 1 30
199 12 1 30
199 8 1 30
199 1 1 30
199 5 1 9
199 3 1 6
199 4 7 26
199 6 10 12
199 5 13 30
199 3 27 30
