0 3 1 13
0 5 14 50
0 8 14 22
0 7 39 50
0 2 51 58
1 2 1 18
1 1 1 18
1 5 19 72
1 7 19 32
1 6 19 33
1 1 34 82
1 4 82 112
1 6 83 93
1 7 114 123
2 3 1 10
2 8 11 23
2 5 11 35
3 2 1 14
3 1 1 16
3 5 15 61
3 7 15 29
3 6 17 29
3 1 30 70
3 4 71 105
3 6 71 81
4 2 1 14
4 1 1 14
4 5 15 60
4 7 15 30
4 6 15 30
4 1 31 69
4 4 70 106
4 6 70 79
5 2 1 14
5 1 1 14
5 5 15 63
5 7 15 29
5 6 15 27
5 1 28 70
5 4 71 110
5 6 71 83
6 5 1 28
6 8 18 28
6 3 29 35
7 4 1 35
7 6 25 35
7 1 36 67
7 5 41 80
7 7 66 80
7 6 68 80
7 2 80 82
7 1 80 82
8 3 1 10
8 5 11 33
8 8 11 22
9 3 1 6
9 1 1 6
9 5 7 29
9 8 7 18
9 6 7 19
9 1 20 29
10 3 1 9
10 8 10 19
10 5 10 32
11 1 1 15
11 5 1 26
11 8 16 26
11 6 16 27
11 3 27 31
11 1 28 31
12 3 1 12
12 8 13 24
12 5 14 50
12 7 41 50
12 2 51 59
13 4 1 34
13 6 26 32
13 1 33 83
13 5 42 77
13 7 68 77
13 2 78 83
14 5 1 27
14 8 16 27
14 3 28 38
15 3 1 9
15 5 10 33
15 8 10 22
16 1 1 12
16 5 1 25
16 8 13 25
16 6 13 25
16 3 26 32
16 1 26 32
17 2 1 8
17 5 8 41
17 7 9 13
17 8 30 40
17 3 41 48
18 3 1 13
18 5 14 34
18 8 14 24
19 3 1 11
19 1 1 9
19 5 10 30
19 6 10 21
19 8 12 21
19 1 22 30
20 3 1 10
20 5 11 53
20 8 11 22
20 7 43 53
20 2 54 60
21 2 1 11
21 1 1 11
21 5 12 63
21 7 12 24
21 6 12 24
21 1 25 68
21 4 69 104
21 6 69 79
22 4 1 31
22 6 21 31
22 1 32 63
22 5 39 79
22 6 64 81
22 7 65 78
22 2 79 83
22 1 81 83
23 2 1 6
23 5 5 43
23 7 7 15
23 8 31 43
23 3 44 47
24 1 1 15
24 5 1 25
24 8 16 24
24 6 16 25
24 3 25 32
24 1 26 32
25 2 1 7
25 5 7 44
25 7 8 16
25 8 33 44
25 3 45 49
26 3 1 7
26 8 8 19
26 5 9 27
27 3 1 8
27 5 9 30
27 8 9 18
28 3 1 10
28 1 1 7
28 5 8 31
28 6 8 21
28 8 11 19
28 1 22 31
29 3 1 8
29 1 1 7
29 6 1 1
29 5 8 34
29 6 8 23
29 8 9 22
29 1 24 34
30 3 1 9
30 5 10 31
30 8 10 20
31 3 1 15
31 1 1 13
31 5 14 33
31 6 14 24
31 8 16 22
31 1 25 33
32 1 1 16
32 5 1 28
32 8 16 27
32 6 17 28
32 3 28 34
32 1 29 34
33 3 1 12
33 1 1 11
33 5 12 30
33 6 12 21
33 8 13 21
33 1 22 30
34 3 1 5
34 1 1 5
34 5 6 28
34 8 6 20
34 6 6 19
34 1 20 28
35 2 1 10
35 5 8 40
35 7 11 14
35 8 29 40
35 3 41 46
36 4 1 35
36 6 23 34
36 1 35 67
36 5 42 80
36 7 67 72
36 6 68 79
36 2 73 75
36 7 76 80
36 1 80 85
36 2 81 85
37 4 1 33
37 6 23 32
37 1 33 89
37 5 40 84
37 7 69 84
37 2 85 89
38 2 1 13
38 1 1 13
38 5 14 61
38 7 14 26
38 6 14 27
38 1 28 66
38 4 66 119
38 6 67 79
39 2 1 14
39 1 1 14
39 5 15 70
39 7 15 35
39 6 15 35
39 1 36 77
39 4 78 116
39 6 78 89
40 5 1 23
40 8 14 23
40 3 24 29
41 3 1 6
41 1 1 6
41 5 7 28
41 8 7 19
41 6 7 20
41 1 21 28
42 1 1 11
42 5 1 25
42 6 12 26
42 8 13 25
42 3 26 32
42 1 27 32
43 2 1 6
43 5 7 43
43 7 7 15
43 8 34 43
43 3 44 48
44 3 1 10
44 1 1 10
44 5 11 31
44 8 11 21
44 6 11 22
44 1 23 31
45 1 1 14
45 5 1 25
45 8 15 23
45 6 15 25
45 3 24 32
45 1 26 32
46 3 1 7
46 8 8 21
46 5 9 33
47 3 1 9
47 5 9 32
47 8 10 20
48 2 1 9
48 1 1 9
48 5 10 57
48 7 10 23
48 6 10 23
48 1 24 66
48 4 67 103
48 6 67 80
49 4 1 30
49 6 17 30
49 1 31 63
49 5 37 77
49 6 64 76
49 7 65 77
49 1 77 81
49 2 78 81
50 5 1 26
50 8 19 25
50 3 26 30
51 2 1 6
51 5 7 44
51 7 7 18
51 8 33 42
51 3 43 50
52 5 1 27
52 8 16 27
52 3 28 35
53 4 1 35
53 6 22 33
53 1 34 66
53 5 43 81
53 7 67 80
53 6 67 80
53 2 81 85
53 1 81 85
54 3 1 11
54 5 10 34
54 8 12 22
55 5 1 23
55 8 16 21
55 3 22 30
56 4 1 33
56 6 22 30
56 1 31 66
56 5 41 47
56 5 52 68
56 6 67 80
56 2 68 74
56 4 69 74
56 5 75 77
56 7 75 77
56 2 78 82
56 1 80 82
57 4 1 33
57 6 25 28
57 1 29 29
57 6 30 31
57 1 32 86
57 5 40 67
57 2 68 74
57 4 68 74
57 5 75 81
57 7 75 81
57 2 82 86
58 4 1 52
58 6 44 51
58 1 52 84
58 5 61 97
58 6 85 96
58 7 86 97
58 1 97 101
58 2 98 101
59 4 1 40
59 6 25 40
59 1 41 75
59 5 47 93
59 7 76 82
59 6 76 93
59 2 83 83
59 7 84 84
59 2 85 87
59 7 88 93
59 2 93 95
59 1 93 95
60 4 1 35
60 6 26 36
60 1 37 69
60 5 42 86
60 7 69 86
60 6 70 86
60 1 84 84
60 2 86 86
60 1 86 86
61 3 1 11
61 5 12 50
61 8 12 18
61 7 39 50
61 2 51 56
62 5 1 31
62 8 20 24
62 3 25 25
62 8 26 30
62 3 31 42
63 2 1 14
63 1 1 14
63 5 15 63
63 7 15 28
63 6 15 29
63 1 30 71
63 4 71 106
63 6 72 82
64 2 1 13
64 1 1 13
64 5 14 64
64 7 14 30
64 6 14 30
64 1 31 70
64 4 71 108
64 6 71 84
65 3 1 8
65 5 8 32
65 8 9 17
66 4 1 30
66 6 19 30
66 1 31 65
66 5 38 78
66 7 64 78
66 6 66 77
66 1 78 83
66 2 79 83
67 3 1 11
67 5 11 30
67 8 12 21
68 3 1 9
68 5 10 48
68 8 10 18
68 7 38 46
68 2 47 55
69 3 1 9
69 8 10 21
69 5 10 34
70 2 1 10
70 5 11 45
70 7 11 19
70 8 36 45
70 3 46 52
71 3 1 10
71 5 9 47
71 8 11 16
71 7 37 47
71 2 48 55
72 3 1 10
72 1 1 8
72 5 9 31
72 6 9 22
72 8 11 22
72 1 23 31
73 2 1 6
73 7 7 16
73 5 8 45
73 8 33 45
73 3 46 49
74 5 1 30
74 8 18 30
74 3 32 40
75 4 1 32
75 6 27 32
75 1 33 65
75 5 40 80
75 6 66 80
75 7 67 78
75 2 79 82
75 1 80 82
75 7 80 80
76 3 1 7
76 1 1 7
76 5 8 31
76 8 8 11
76 6 8 21
76 3 12 18
76 1 22 31
77 4 1 29
77 6 18 29
77 1 30 58
77 5 36 75
77 7 59 76
77 6 59 74
77 1 75 80
77 2 77 80
78 2 1 15
78 1 1 15
78 5 16 68
78 7 16 28
78 6 16 28
78 1 29 75
78 4 76 117
78 6 76 91
79 3 1 8
79 5 9 30
79 8 9 17
80 4 1 34
80 6 22 34
80 1 35 75
80 5 44 85
80 7 73 85
80 6 76 85
80 2 86 90
80 1 86 90
81 3 1 10
81 5 11 50
81 8 11 21
81 7 40 50
81 2 51 59
82 4 1 32
82 6 23 32
82 1 33 65
82 5 40 80
82 7 66 80
82 6 66 68
82 1 69 73
82 6 74 80
82 2 81 85
82 1 81 85
83 3 1 11
83 5 12 53
83 8 12 22
83 7 43 53
83 2 54 62
84 1 1 13
84 5 1 25
84 6 14 24
84 8 15 24
84 3 25 31
84 1 25 31
85 2 1 16
85 1 1 16
85 5 17 61
85 7 17 27
85 6 17 29
85 1 30 70
85 4 71 95
85 6 71 80
85 7 98 105
86 5 1 22
86 8 15 22
86 3 23 30
87 3 1 10
87 5 10 33
87 8 11 21
88 5 1 30
88 8 19 29
88 3 30 40
89 3 1 9
89 1 1 9
89 5 10 32
89 8 10 21
89 6 10 21
89 1 22 32
90 2 1 10
90 5 11 45
90 7 11 18
90 8 33 45
90 3 46 53
91 1 1 13
91 5 1 26
91 8 14 25
91 6 14 25
91 3 26 33
91 1 26 33
92 3 1 12
92 5 11 54
92 8 13 20
92 7 42 54
92 2 55 64
93 5 1 26
93 8 16 26
93 3 27 34
94 2 1 15
94 1 1 15
94 5 16 69
94 7 16 32
94 6 16 33
94 1 34 77
94 4 78 114
94 6 78 94
95 2 1 7
95 1 1 7
95 5 8 59
95 7 8 22
95 6 8 22
95 1 23 69
95 4 70 107
95 6 70 81
96 3 1 10
96 5 11 33
96 8 11 24
97 2 1 16
97 1 1 16
97 5 17 64
97 7 17 28
97 6 17 31
97 1 32 68
97 4 69 103
97 6 69 80
98 4 1 34
98 6 23 33
98 1 34 67
98 5 40 79
98 6 68 79
98 7 70 79
98 2 80 83
98 1 80 83
99 3 1 9
99 1 1 9
99 5 10 34
99 8 10 24
99 6 10 24
99 1 25 34
100 5 1 29
100 8 17 29
100 3 30 40
101 2 1 15
101 1 1 17
101 5 16 67
101 7 16 29
101 6 18 30
101 1 31 78
101 4 78 117
101 6 79 91
102 2 1 17
102 1 1 18
102 5 17 68
102 7 18 31
102 6 19 30
102 1 31 78
102 4 76 112
102 6 79 86
103 4 1 33
103 6 22 34
103 1 35 63
103 5 41 81
103 6 64 75
103 7 65 81
103 1 76 77
103 6 78 78
103 1 79 86
103 2 82 86
104 3 1 7
104 1 1 7
104 5 8 29
104 8 8 18
104 6 8 18
104 1 19 29
105 1 1 12
105 5 1 24
105 8 13 21
105 6 13 24
105 3 22 31
105 1 25 31
106 1 1 14
106 5 1 27
106 6 15 27
106 8 16 27
106 3 28 32
106 1 28 32
107 1 1 14
107 5 1 28
107 8 15 28
107 6 15 29
107 3 29 36
107 1 30 36
108 5 1 26
108 8 16 26
108 3 27 36
109 2 1 15
109 1 1 15
109 5 16 67
109 7 16 33
109 6 16 33
109 1 34 75
109 4 76 114
109 6 76 90
110 1 1 15
110 5 1 27
110 6 16 27
110 8 17 28
110 1 28 36
110 3 29 36
111 5 1 25
111 8 16 25
111 3 26 33
112 2 1 6
112 5 7 45
112 7 7 19
112 8 32 41
112 3 42 51
113 1 1 14
113 5 1 27
113 8 15 27
113 6 15 27
113 3 28 34
113 1 28 34
114 3 1 9
114 5 10 48
114 8 10 18
114 7 39 48
114 2 49 56
115 4 1 37
115 6 27 37
115 1 38 76
115 5 46 90
115 7 77 86
115 6 77 86
115 2 87 90
115 1 87 90
115 7 90 90
115 6 90 90
116 3 1 10
116 5 9 33
116 8 11 22
117 4 1 33
117 6 23 33
117 1 34 62
117 5 40 76
117 7 63 77
117 6 63 77
117 2 78 81
117 1 78 81
118 3 1 11
118 1 1 12
118 5 12 32
118 8 12 22
118 6 13 23
118 1 24 32
119 3 1 8
119 1 1 8
119 5 9 31
119 8 9 21
119 6 9 21
119 1 22 31
120 5 1 26
120 8 17 26
120 3 27 34
121 1 1 11
121 5 1 24
121 8 12 23
121 6 12 24
121 3 24 33
121 1 25 33
122 4 1 31
122 6 21 30
122 1 31 65
122 5 38 65
122 2 66 70
122 4 66 70
122 6 66 75
122 5 71 75
122 7 71 75
122 2 76 80
122 1 76 80
123 5 1 26
123 8 17 26
123 3 27 34
124 1 1 17
124 5 1 26
124 8 18 26
124 6 18 26
124 3 27 32
124 1 27 32
125 3 1 8
125 1 1 7
125 5 8 28
125 6 8 20
125 8 9 20
125 1 21 28
126 1 1 15
126 5 1 28
126 8 16 28
126 6 16 28
126 3 29 36
126 1 29 36
127 3 1 8
127 1 1 8
127 5 9 31
127 8 9 21
127 6 9 23
127 1 24 31
128 4 1 33
128 6 24 27
128 1 28 29
128 6 30 30
128 1 31 64
128 5 40 77
128 7 64 77
128 6 65 76
128 1 77 82
128 2 78 82
129 1 1 15
129 5 1 26
129 6 16 26
129 8 17 26
129 3 27 34
129 1 27 34
130 2 1 14
130 1 1 14
130 5 15 68
130 7 15 28
130 6 15 24
130 1 25 78
130 4 77 115
130 6 79 90
131 3 1 8
131 5 9 31
131 8 9 21
132 3 1 10
132 5 11 52
132 8 11 21
132 7 40 52
132 2 53 60
133 3 1 10
133 5 11 35
133 8 11 25
134 2 1 16
134 1 1 17
134 5 17 65
134 7 17 31
134 6 18 30
134 1 31 72
134 6 73 86
134 4 74 109
135 2 1 12
135 1 1 12
135 5 12 66
135 7 13 27
135 6 13 26
135 1 27 73
135 6 74 82
135 4 75 111
135 1 83 86
136 5 1 27
136 8 17 28
136 3 29 33
136 8 33 33
137 3 1 10
137 1 1 7
137 5 8 30
137 6 8 21
137 8 11 19
137 1 22 30
138 2 1 13
138 1 1 13
138 7 14 22
138 6 14 22
138 5 15 51
138 1 23 56
138 4 57 90
138 6 57 68
139 5 1 28
139 8 17 26
139 3 29 36
140 3 1 9
140 1 1 9
140 5 10 31
140 8 10 21
140 6 10 21
140 1 22 31
141 5 1 29
141 8 16 29
141 3 30 40
142 2 1 6
142 5 7 46
142 7 7 17
142 8 35 47
142 3 48 52
143 2 1 5
143 5 6 45
143 7 6 14
143 8 31 46
143 3 47 51
144 3 1 11
144 5 10 45
144 8 12 20
144 7 37 45
144 2 46 54
145 4 1 38
145 6 28 34
145 1 35 72
145 5 46 86
145 7 73 86
145 6 73 81
145 1 82 90
145 2 87 90
146 2 1 9
146 7 10 19
146 5 11 45
146 8 35 38
146 3 39 39
146 8 40 40
146 3 41 51
147 3 1 11
147 5 12 55
147 8 12 21
147 7 44 55
147 2 56 61
148 5 1 26
148 8 15 26
148 3 27 33
149 3 1 6
149 1 1 6
149 8 7 19
149 6 7 19
149 5 8 26
149 1 20 26
150 3 1 7
150 5 8 29
150 8 8 19
151 5 1 28
151 8 15 29
151 3 30 37
152 2 1 13
152 1 1 14
152 5 14 63
152 7 14 28
152 6 15 27
152 1 28 67
152 4 68 112
152 6 68 82
153 4 1 35
153 6 24 32
153 1 33 68
153 5 42 68
153 4 68 78
153 2 69 84
153 6 69 80
153 1 81 84
154 2 1 13
154 1 1 13
154 5 14 69
154 7 14 28
154 6 14 28
154 1 29 76
154 4 77 115
154 6 77 90
155 1 1 15
155 5 1 29
155 6 16 29
155 8 17 28
155 3 29 36
155 1 30 36
156 3 1 9
156 5 10 34
156 8 10 20
157 2 1 10
157 5 11 47
157 7 11 19
157 8 37 47
157 3 48 53
158 1 1 15
158 5 1 27
158 6 16 27
158 8 17 25
158 3 26 32
158 1 28 32
159 3 1 11
159 5 10 35
159 8 12 22
160 1 1 17
160 5 1 28
160 8 16 28
160 6 18 28
160 3 29 36
160 1 29 36
161 3 1 12
161 1 1 10
161 5 11 33
161 6 11 23
161 8 13 24
161 1 24 33
162 4 1 30
162 6 21 30
162 1 31 66
162 5 37 83
162 7 67 83
162 6 67 83
162 2 83 85
162 1 83 85
163 5 1 31
163 8 20 29
163 3 32 42
164 5 1 24
164 8 14 24
164 3 25 31
165 2 1 11
165 1 1 11
165 5 12 55
165 7 12 22
165 6 12 21
165 1 22 62
165 4 63 99
165 6 63 74
166 3 1 9
166 1 1 9
166 5 10 33
166 8 10 23
166 6 10 23
166 1 24 33
167 3 1 8
167 1 1 8
167 5 9 27
167 8 9 19
167 6 9 19
167 1 20 27
168 3 1 9
168 1 1 8
168 5 9 28
168 6 9 19
168 8 10 18
168 1 20 28
169 5 1 28
169 8 17 27
169 3 28 39
170 2 1 13
170 1 1 13
170 5 14 61
170 7 14 27
170 6 14 26
170 1 27 68
170 4 69 103
170 6 69 79
171 3 1 6
171 1 1 6
171 5 7 26
171 8 7 18
171 6 7 18
171 1 19 26
172 1 1 15
172 5 1 26
172 6 16 26
172 8 18 24
172 3 25 33
172 1 27 33
173 5 1 27
173 8 17 27
173 3 28 34
174 1 1 12
174 5 1 26
174 8 13 26
174 6 13 26
174 3 27 32
174 1 27 32
175 3 1 8
175 1 1 8
175 5 9 31
175 8 9 20
175 6 9 21
175 1 22 31
176 3 1 10
176 5 10 35
176 8 11 24
177 3 1 7
177 8 8 20
177 5 9 33
178 3 1 9
178 5 10 32
178 8 10 22
179 1 1 14
179 5 1 26
179 8 15 25
179 6 15 28
179 3 26 32
179 1 29 32
180 3 1 11
180 5 10 32
180 8 12 13
180 3 14 15
180 8 16 21
181 3 1 9
181 1 1 6
181 5 7 29
181 6 7 19
181 8 10 17
181 1 20 29
182 1 1 13
182 5 1 22
182 8 14 20
182 6 14 21
182 3 21 29
182 1 22 29
183 4 1 35
183 6 25 35
183 1 36 67
183 5 41 80
183 7 66 80
183 6 68 80
183 2 80 82
183 1 80 82
184 5 1 22
184 8 13 23
184 3 24 31
185 1 1 16
185 5 1 28
185 8 17 27
185 6 17 27
185 3 28 34
185 1 28 34
186 4 1 32
186 6 23 32
186 1 33 67
186 5 39 81
186 7 68 81
186 6 68 73
186 1 74 75
186 6 76 82
186 2 82 86
186 1 83 86
187 2 1 12
187 1 1 12
187 5 12 59
187 7 13 25
187 6 13 25
187 1 26 64
187 4 64 99
187 6 65 75
188 3 1 10
188 5 9 36
188 8 11 23
189 3 1 8
189 8 9 22
189 5 10 34
190 1 1 12
190 5 1 26
190 8 13 26
190 6 13 26
190 3 27 35
190 1 27 35
191 3 1 10
191 5 10 31
191 8 11 19
192 5 1 23
192 8 13 22
192 3 23 29
193 4 1 27
193 6 19 27
193 1 28 60
193 5 34 73
193 7 61 73
193 6 61 73
193 2 74 78
193 1 74 78
194 2 1 10
194 5 10 50
194 7 11 20
194 8 39 50
194 3 51 56
195 5 1 28
195 8 17 28
195 3 29 34
196 5 1 27
196 8 17 27
196 3 28 34
197 1 1 15
197 5 1 27
197 6 16 28
197 8 17 27
197 3 28 34
197 1 29 34
198 1 1 16
198 5 1 27
198 8 17 27
198 6 17 26
198 1 27 34
198 3 28 34
199 2 1 13
199 1 1 13
199 5 14 66
199 7 14 28
199 6 14 28
199 1 29 73
199 4 74 116
199 6 74 86
200 4 1 33
200 6 23 33
200 1 34 75
200 5 42 83
200 7 69 83
200 6 76 83
200 2 84 88
200 1 84 88
201 3 1 11
201 1 1 8
201 5 9 33
201 6 9 24
201 8 12 22
201 1 25 33
202 2 1 12
202 1 1 13
202 5 13 57
202 7 13 26
202 6 14 25
202 1 26 63
202 4 64 96
202 6 64 77
203 3 1 9
203 5 10 49
203 8 10 17
203 7 38 49
203 2 50 58
204 1 1 13
204 5 1 22
204 6 1 1
204 6 14 22
204 8 15 22
204 3 23 28
204 1 23 28
205 1 1 14
205 5 1 25
205 8 15 25
205 6 15 25
205 3 26 32
205 1 26 32
206 5 1 26
206 8 16 26
206 3 27 34
207 3 1 5
207 1 1 4
207 6 5 17
207 5 6 28
207 8 6 16
207 1 18 28
208 3 1 10
208 5 11 48
208 8 11 19
208 7 37 41
208 2 42 56
209 2 1 9
209 1 1 9
209 5 10 63
209 7 10 26
209 6 10 26
209 1 27 73
209 4 74 113
209 6 74 87
